0.000000 0.000000 0.000000 2.000000 0.000000 0.000000 0.000000 0.000000 0.000000 1.000000 0.000000 0.000000 2.000000
0.050000 0.000000 0.000000 1.999956 0.000000 0.000000 0.000000 0.000000 0.000000 0.999956 0.000000 0.000000 2.000000
0.100000 0.000000 0.000000 1.999892 0.000000 0.000000 0.000000 0.000000 0.000000 0.999892 0.000000 0.000000 2.000000
0.150000 0.000000 0.000000 1.999830 0.000000 0.000000 0.000000 0.000000 0.000000 0.999830 0.000000 0.000000 2.000000
0.200000 0.000000 0.000000 1.999772 0.000000 0.000000 0.000000 0.000000 0.000000 0.999772 0.000000 0.000000 2.000000
0.250000 0.000000 0.000000 1.999718 0.000000 0.000000 0.000000 0.000000 0.000000 0.999718 0.000000 0.000000 2.000000
0.300000 0.000000 0.000000 1.999668 0.000000 0.000000 0.000000 0.000000 0.000000 0.999668 0.000000 0.000000 2.000000
0.350000 0.000000 0.000000 1.999622 0.000000 0.000000 0.000000 0.000000 0.000000 0.999622 0.000000 0.000000 2.000000
0.400000 0.000000 0.000000 1.999579 0.000000 0.000000 0.000000 0.000000 0.000000 0.999579 0.000000 0.000000 2.000000
0.450000 0.000000 0.000000 1.999538 0.000000 0.000000 0.000000 0.000000 0.000000 0.999538 0.000000 0.000000 2.000000
0.500000 0.000000 0.000000 1.999501 0.000000 0.000000 0.000000 0.000000 0.000000 0.999501 0.000000 0.000000 2.000000
0.550000 0.000000 0.000000 1.999466 0.000000 0.000000 0.000000 0.000000 0.000000 0.999466 0.000000 0.000000 2.000000
0.600000 0.000000 0.000000 1.999434 0.000000 0.000000 0.000000 0.000000 0.000000 0.999434 0.000000 0.000000 2.000000
0.650000 0.000000 0.000000 1.999403 0.000000 0.000000 0.000000 0.000000 0.000000 0.999403 0.000000 0.000000 2.000000
0.700000 0.000000 0.000000 1.999375 0.000000 0.000000 0.000000 0.000000 0.000000 0.999375 0.000000 0.000000 2.000000
0.750000 0.000000 0.000000 1.999349 0.000000 0.000000 0.000000 0.000000 0.000000 0.999349 0.000000 0.000000 2.000000
0.800000 0.000000 0.000000 1.999325 0.000000 0.000000 0.000000 0.000000 0.000000 0.999325 0.000000 0.000000 2.000000
0.850000 0.000000 0.000000 1.999302 0.000000 0.000000 0.000000 0.000000 0.000000 0.999302 0.000000 0.000000 2.000000
0.900000 0.000000 0.000000 1.999281 0.000000 0.000000 0.000000 0.000000 0.000000 0.999281 0.000000 0.000000 2.000000
0.950000 0.000000 0.000000 1.999262 0.000000 0.000000 0.000000 0.000000 0.000000 0.999262 0.000000 0.000000 2.000000
1.000000 0.000000 0.000000 1.999244 0.000000 0.000000 0.000000 0.000000 0.000000 0.999244 0.000000 0.000000 2.000000
1.050000 0.000000 0.000000 1.999227 0.000000 0.000000 0.000000 0.000000 0.000000 0.999227 0.000000 0.000000 2.000000
1.100000 0.000000 0.000000 1.999211 0.000000 0.000000 0.000000 0.000000 0.000000 0.999211 0.000000 0.000000 2.000000
1.150000 0.000000 0.000000 1.999196 0.000000 0.000000 0.000000 0.000000 0.000000 0.999196 0.000000 0.000000 2.000000
1.200000 0.000000 0.000000 1.999182 0.000000 0.000000 0.000000 0.000000 0.000000 0.999182 0.000000 0.000000 2.000000
1.250000 0.000000 0.000000 1.999170 0.000000 0.000000 0.000000 0.000000 0.000000 0.999170 0.000000 0.000000 2.000000
1.300000 0.000000 0.000000 1.999158 0.000000 0.000000 0.000000 0.000000 0.000000 0.999158 0.000000 0.000000 2.000000
1.350000 0.000000 0.000000 1.999147 0.000000 0.000000 0.000000 0.000000 0.000000 0.999147 0.000000 0.000000 2.000000
1.400000 0.000000 0.000000 1.999137 0.000000 0.000000 0.000000 0.000000 0.000000 0.999137 0.000000 0.000000 2.000000
1.450000 0.000000 0.000000 1.999127 0.000000 0.000000 0.000000 0.000000 0.000000 0.999127 0.000000 0.000000 2.000000
1.500000 0.000000 0.000000 1.999118 0.000000 0.000000 0.000000 0.000000 0.000000 0.999118 0.000000 0.000000 2.000000
1.550000 0.000000 0.000000 1.999110 0.000000 0.000000 0.000000 0.000000 0.000000 0.999110 0.000000 0.000000 2.000000
1.600000 0.000000 0.000000 1.999103 0.000000 0.000000 0.000000 0.000000 0.000000 0.999103 0.000000 0.000000 2.000000
1.650000 0.000000 0.000000 1.999095 0.000000 0.000000 0.000000 0.000000 0.000000 0.999095 0.000000 0.000000 2.000000
1.700000 0.000000 0.000000 1.999089 0.000000 0.000000 0.000000 0.000000 0.000000 0.999089 0.000000 0.000000 2.000000
1.750000 0.000000 0.000000 1.999083 0.000000 0.000000 0.000000 0.000000 0.000000 0.999083 0.000000 0.000000 2.000000
1.800000 0.000000 0.000000 1.999077 0.000000 0.000000 0.000000 0.000000 0.000000 0.999077 0.000000 0.000000 2.000000
1.850000 0.000000 0.000000 1.999072 0.000000 0.000000 0.000000 0.000000 0.000000 0.999072 0.000000 0.000000 2.000000
1.900000 0.000000 0.000000 1.999067 0.000000 0.000000 0.000000 0.000000 0.000000 0.999067 0.000000 0.000000 2.000000
1.950000 0.000000 0.000000 1.999062 0.000000 0.000000 0.000000 0.000000 0.000000 0.999062 0.000000 0.000000 2.000000
2.000000 0.000000 0.000000 1.999058 0.000000 0.000000 0.000000 0.000000 0.000000 0.999058 0.000000 0.000000 2.000000
2.050000 0.008916 0.000000 1.999068 0.000000 -0.017208 0.000000 0.000020 0.000000 0.999107 0.008962 0.000000 2.000000
2.100000 0.020660 0.000000 1.999094 0.000000 0.006122 0.000000 0.000253 0.000000 0.999302 0.020662 0.000000 2.000000
2.150000 0.032359 0.000000 1.999116 0.000000 0.009948 0.000000 0.000983 0.000000 0.999608 0.032362 0.000000 2.000000
2.200000 0.044057 0.000000 1.999129 0.000000 0.013186 0.000000 0.002479 0.000000 0.999994 0.044062 0.000000 2.000000
2.250000 0.055755 0.000000 1.999132 0.000000 0.016075 0.000000 0.004992 0.000000 1.000421 0.055762 0.000000 2.000000
2.300000 0.067452 0.000000 1.999125 0.000000 0.018558 0.000000 0.008746 0.000000 1.000849 0.067462 0.000000 2.000000
2.350000 0.079150 0.000000 1.999107 0.000000 0.020578 0.000000 0.013935 0.000000 1.001236 0.079162 0.000000 2.000000
2.400000 0.090848 0.000000 1.999081 0.000000 0.022092 0.000000 0.020716 0.000000 1.001543 0.090862 0.000000 2.000000
2.450000 0.102547 0.000000 1.999049 0.000000 0.023070 0.000000 0.029211 0.000000 1.001742 0.102562 0.000000 2.000000
2.500000 0.114245 0.000000 1.999014 0.000000 0.023494 0.000000 0.039496 0.000000 1.001811 0.114262 0.000000 2.000000
2.550000 0.125944 0.000000 1.998979 0.000000 0.023357 0.000000 0.051608 0.000000 1.001745 0.125962 0.000000 2.000000
2.600000 0.137642 0.000000 1.998947 0.000000 0.022662 0.000000 0.065536 0.000000 1.001550 0.137662 0.000000 2.000000
2.650000 0.149340 0.000000 1.998922 0.000000 0.021425 0.000000 0.081230 0.000000 1.001244 0.149362 0.000000 2.000000
2.700000 0.161038 0.000000 1.998906 0.000000 0.019669 0.000000 0.098592 0.000000 1.000857 0.161062 0.000000 2.000000
2.750000 0.172735 0.000000 1.998900 0.000000 0.017431 0.000000 0.117488 0.000000 1.000427 0.172762 0.000000 2.000000
2.800000 0.184432 0.000000 1.998905 0.000000 0.014759 0.000000 0.137744 0.000000 0.999995 0.184462 0.000000 2.000000
2.850000 0.196129 0.000000 1.998920 0.000000 0.011712 0.000000 0.159150 0.000000 0.999604 0.196162 0.000000 2.000000
2.900000 0.199882 0.000000 1.998896 0.000000 0.042824 0.000000 0.181449 0.000000 0.999066 0.200000 0.000000 2.000000
2.950000 0.199794 0.000000 1.999008 0.000000 -0.000483 0.000000 0.204217 0.000000 0.999018 0.200000 0.000000 2.000000
3.000000 0.199800 0.000000 1.999135 0.000000 -0.008723 0.000000 0.226885 0.000000 0.999501 0.200000 0.000000 2.000000
3.050000 0.199810 0.000000 1.999244 0.000000 -0.015884 0.000000 0.248888 0.000000 1.000449 0.200000 0.000000 2.000000
3.100000 0.199821 0.000000 1.999325 0.000000 -0.022532 0.000000 0.269679 0.000000 1.001768 0.200000 0.000000 2.000000
3.150000 0.199830 0.000000 1.999369 0.000000 -0.028523 0.000000 0.288748 0.000000 1.003330 0.200000 0.000000 2.000000
3.200000 0.199839 0.000000 1.999373 0.000000 -0.033711 0.000000 0.305632 0.000000 1.004985 0.200000 0.000000 2.000000
3.250000 0.199844 0.000000 1.999336 0.000000 -0.037991 0.000000 0.319923 0.000000 1.006572 0.200000 0.000000 2.000000
3.300000 0.199847 0.000000 1.999263 0.000000 -0.041298 0.000000 0.331285 0.000000 1.007938 0.200000 0.000000 2.000000
3.350000 0.199847 0.000000 1.999160 0.000000 -0.043601 0.000000 0.339450 0.000000 1.008952 0.200000 0.000000 2.000000
3.400000 0.199844 0.000000 1.999038 0.000000 -0.044893 0.000000 0.344228 0.000000 1.009516 0.200000 0.000000 2.000000
3.450000 0.199839 0.000000 1.998908 0.000000 -0.045178 0.000000 0.345506 0.000000 1.009575 0.200000 0.000000 2.000000
3.500000 0.199834 0.000000 1.998784 0.000000 -0.044468 0.000000 0.343252 0.000000 1.009122 0.200000 0.000000 2.000000
3.550000 0.199829 0.000000 1.998678 0.000000 -0.042776 0.000000 0.337513 0.000000 1.008202 0.200000 0.000000 2.000000
3.600000 0.199824 0.000000 1.998600 0.000000 -0.040116 0.000000 0.328418 0.000000 1.006903 0.200000 0.000000 2.000000
3.650000 0.199822 0.000000 1.998559 0.000000 -0.036510 0.000000 0.316174 0.000000 1.005350 0.200000 0.000000 2.000000
3.700000 0.199823 0.000000 1.998557 0.000000 -0.031994 0.000000 0.301065 0.000000 1.003695 0.200000 0.000000 2.000000
3.750000 0.199825 0.000000 1.998596 0.000000 -0.026629 0.000000 0.283450 0.000000 1.002099 0.200000 0.000000 2.000000
3.800000 0.199829 0.000000 1.998673 0.000000 -0.020510 0.000000 0.263752 0.000000 1.000718 0.200000 0.000000 2.000000
3.850000 0.199834 0.000000 1.998779 0.000000 -0.013773 0.000000 0.242452 0.000000 0.999688 0.200000 0.000000 2.000000
3.900000 0.199838 0.000000 1.998905 0.000000 -0.006592 0.000000 0.220077 0.000000 0.999110 0.200000 0.000000 2.000000
3.950000 0.199842 0.000000 1.999039 0.000000 0.000823 0.000000 0.197185 0.000000 0.999042 0.200000 0.000000 2.000000
4.000000 0.199844 0.000000 1.999167 0.000000 0.008242 0.000000 0.174349 0.000000 0.999492 0.200000 0.000000 2.000000
4.050000 0.199844 0.000000 1.999277 0.000000 0.015430 0.000000 0.152137 0.000000 1.000415 0.200000 0.000000 2.000000
4.100000 0.199844 0.000000 1.999358 0.000000 0.022165 0.000000 0.131104 0.000000 1.001724 0.200000 0.000000 2.000000
4.150000 0.199844 0.000000 1.999404 0.000000 0.028253 0.000000 0.111766 0.000000 1.003290 0.200000 0.000000 2.000000
4.200000 0.199845 0.000000 1.999409 0.000000 0.033542 0.000000 0.094594 0.000000 1.004963 0.200000 0.000000 2.000000
4.250000 0.199847 0.000000 1.999373 0.000000 0.037922 0.000000 0.080001 0.000000 1.006580 0.200000 0.000000 2.000000
4.300000 0.199852 0.000000 1.999299 0.000000 0.041326 0.000000 0.068333 0.000000 1.007985 0.200000 0.000000 2.000000
4.350000 0.199859 0.000000 1.999195 0.000000 0.043720 0.000000 0.059865 0.000000 1.009043 0.200000 0.000000 2.000000
4.400000 0.199868 0.000000 1.999071 0.000000 0.045097 0.000000 0.054793 0.000000 1.009650 0.200000 0.000000 2.000000
4.450000 0.199880 0.000000 1.998938 0.000000 0.045462 0.000000 0.053237 0.000000 1.009748 0.200000 0.000000 2.000000
4.500000 0.199891 0.000000 1.998810 0.000000 0.044826 0.000000 0.055237 0.000000 1.009328 0.200000 0.000000 2.000000
4.550000 0.199902 0.000000 1.998699 0.000000 0.043201 0.000000 0.060749 0.000000 1.008428 0.200000 0.000000 2.000000
4.600000 0.199911 0.000000 1.998617 0.000000 0.040603 0.000000 0.069653 0.000000 1.007137 0.200000 0.000000 2.000000
4.650000 0.199918 0.000000 1.998570 0.000000 0.037050 0.000000 0.081745 0.000000 1.005577 0.200000 0.000000 2.000000
4.700000 0.199922 0.000000 1.998564 0.000000 0.032578 0.000000 0.096746 0.000000 1.003901 0.200000 0.000000 2.000000
4.750000 0.199924 0.000000 1.998600 0.000000 0.027244 0.000000 0.114300 0.000000 1.002273 0.200000 0.000000 2.000000
4.800000 0.199924 0.000000 1.998674 0.000000 0.021142 0.000000 0.133986 0.000000 1.000850 0.200000 0.000000 2.000000
4.850000 0.199923 0.000000 1.998779 0.000000 0.014403 0.000000 0.155324 0.000000 0.999774 0.200000 0.000000 2.000000
4.900000 0.199921 0.000000 1.998904 0.000000 0.007201 0.000000 0.177786 0.000000 0.999149 0.200000 0.000000 2.000000
4.950000 0.199921 0.000000 1.999039 0.000000 -0.000256 0.000000 0.200813 0.000000 0.999039 0.200000 0.000000 2.000000
5.000000 0.199921 0.000000 1.999169 0.000000 -0.007735 0.000000 0.223829 0.000000 0.999454 0.200000 0.000000 2.000000
5.050000 0.199923 0.000000 1.999281 0.000000 -0.014999 0.000000 0.246259 0.000000 1.000355 0.200000 0.000000 2.000000
5.100000 0.199926 0.000000 1.999366 0.000000 -0.021822 0.000000 0.267545 0.000000 1.001655 0.200000 0.000000 2.000000
5.150000 0.199928 0.000000 1.999415 0.000000 -0.028006 0.000000 0.287163 0.000000 1.003227 0.200000 0.000000 2.000000
5.200000 0.199930 0.000000 1.999422 0.000000 -0.033394 0.000000 0.304634 0.000000 1.004919 0.200000 0.000000 2.000000
5.250000 0.199929 0.000000 1.999388 0.000000 -0.037873 0.000000 0.319539 0.000000 1.006567 0.200000 0.000000 2.000000
5.300000 0.199927 0.000000 1.999316 0.000000 -0.041373 0.000000 0.331524 0.000000 1.008013 0.200000 0.000000 2.000000
5.350000 0.199921 0.000000 1.999212 0.000000 -0.043858 0.000000 0.340307 0.000000 1.009115 0.200000 0.000000 2.000000
5.400000 0.199913 0.000000 1.999087 0.000000 -0.045320 0.000000 0.345683 0.000000 1.009769 0.200000 0.000000 2.000000
5.450000 0.199903 0.000000 1.998952 0.000000 -0.045764 0.000000 0.347528 0.000000 1.009909 0.200000 0.000000 2.000000
5.500000 0.199893 0.000000 1.998822 0.000000 -0.045201 0.000000 0.345793 0.000000 1.009522 0.200000 0.000000 2.000000
5.550000 0.199883 0.000000 1.998707 0.000000 -0.043644 0.000000 0.340517 0.000000 1.008646 0.200000 0.000000 2.000000
5.600000 0.199874 0.000000 1.998621 0.000000 -0.041106 0.000000 0.331815 0.000000 1.007363 0.200000 0.000000 2.000000
5.650000 0.199868 0.000000 1.998570 0.000000 -0.037607 0.000000 0.319884 0.000000 1.005798 0.200000 0.000000 2.000000
5.700000 0.199865 0.000000 1.998561 0.000000 -0.033179 0.000000 0.305001 0.000000 1.004103 0.200000 0.000000 2.000000
5.750000 0.199864 0.000000 1.998593 0.000000 -0.027877 0.000000 0.287517 0.000000 1.002442 0.200000 0.000000 2.000000
5.800000 0.199865 0.000000 1.998665 0.000000 -0.021792 0.000000 0.267851 0.000000 1.000979 0.200000 0.000000 2.000000
5.850000 0.199867 0.000000 1.998769 0.000000 -0.015052 0.000000 0.246482 0.000000 0.999856 0.200000 0.000000 2.000000
5.900000 0.199869 0.000000 1.998895 0.000000 -0.007830 0.000000 0.223939 0.000000 0.999185 0.200000 0.000000 2.000000
5.950000 0.199870 0.000000 1.999031 0.000000 -0.000333 0.000000 0.200782 0.000000 0.999031 0.200000 0.000000 2.000000
6.000000 0.199870 0.000000 1.999163 0.000000 0.007206 0.000000 0.177591 0.000000 0.999411 0.200000 0.000000 2.000000
6.050000 0.199869 0.000000 1.999279 0.000000 0.014547 0.000000 0.154945 0.000000 1.000289 0.200000 0.000000 2.000000
6.100000 0.199867 0.000000 1.999368 0.000000 0.021459 0.000000 0.133409 0.000000 1.001578 0.200000 0.000000 2.000000
6.150000 0.199865 0.000000 1.999420 0.000000 0.027741 0.000000 0.113513 0.000000 1.003155 0.200000 0.000000 2.000000
6.200000 0.199864 0.000000 1.999431 0.000000 0.033230 0.000000 0.095742 0.000000 1.004866 0.200000 0.000000 2.000000
6.250000 0.199864 0.000000 1.999399 0.000000 0.037810 0.000000 0.080525 0.000000 1.006546 0.200000 0.000000 2.000000
6.300000 0.199868 0.000000 1.999329 0.000000 0.041407 0.000000 0.068222 0.000000 1.008032 0.200000 0.000000 2.000000
6.350000 0.199873 0.000000 1.999226 0.000000 0.043985 0.000000 0.059122 0.000000 1.009181 0.200000 0.000000 2.000000
6.400000 0.199882 0.000000 1.999100 0.000000 0.045534 0.000000 0.053437 0.000000 1.009881 0.200000 0.000000 2.000000
6.450000 0.199892 0.000000 1.998964 0.000000 0.046058 0.000000 0.051302 0.000000 1.010065 0.200000 0.000000 2.000000
6.500000 0.199903 0.000000 1.998830 0.000000 0.045570 0.000000 0.052767 0.000000 1.009714 0.200000 0.000000 2.000000
6.550000 0.199913 0.000000 1.998713 0.000000 0.044081 0.000000 0.057803 0.000000 1.008862 0.200000 0.000000 2.000000
6.600000 0.199922 0.000000 1.998622 0.000000 0.041606 0.000000 0.066300 0.000000 1.007590 0.200000 0.000000 2.000000
6.650000 0.199929 0.000000 1.998568 0.000000 0.038162 0.000000 0.078065 0.000000 1.006021 0.200000 0.000000 2.000000
6.700000 0.199933 0.000000 1.998555 0.000000 0.033780 0.000000 0.092826 0.000000 1.004307 0.200000 0.000000 2.000000
6.750000 0.199934 0.000000 1.998585 0.000000 0.028512 0.000000 0.110236 0.000000 1.002616 0.200000 0.000000 2.000000
6.800000 0.199933 0.000000 1.998654 0.000000 0.022445 0.000000 0.129879 0.000000 1.001111 0.200000 0.000000 2.000000
6.850000 0.199932 0.000000 1.998758 0.000000 0.015707 0.000000 0.151275 0.000000 0.999942 0.200000 0.000000 2.000000
6.900000 0.199930 0.000000 1.998884 0.000000 0.008465 0.000000 0.173897 0.000000 0.999223 0.200000 0.000000 2.000000
6.950000 0.199928 0.000000 1.999021 0.000000 0.000929 0.000000 0.197182 0.000000 0.999025 0.200000 0.000000 2.000000
7.000000 0.199928 0.000000 1.999156 0.000000 -0.006669 0.000000 0.220547 0.000000 0.999368 0.200000 0.000000 2.000000
7.050000 0.199929 0.000000 1.999275 0.000000 -0.014085 0.000000 0.243408 0.000000 1.000221 0.200000 0.000000 2.000000
7.100000 0.199931 0.000000 1.999367 0.000000 -0.021086 0.000000 0.265195 0.000000 1.001499 0.200000 0.000000 2.000000
7.150000 0.199934 0.000000 1.999423 0.000000 -0.027466 0.000000 0.285371 0.000000 1.003080 0.200000 0.000000 2.000000
7.200000 0.199935 0.000000 1.999438 0.000000 -0.033057 0.000000 0.303444 0.000000 1.004809 0.200000 0.000000 2.000000
7.250000 0.199935 0.000000 1.999409 0.000000 -0.037739 0.000000 0.318977 0.000000 1.006520 0.200000 0.000000 2.000000
7.300000 0.199932 0.000000 1.999340 0.000000 -0.041436 0.000000 0.331602 0.000000 1.008047 0.200000 0.000000 2.000000
7.350000 0.199926 0.000000 1.999238 0.000000 -0.044108 0.000000 0.341023 0.000000 1.009242 0.200000 0.000000 2.000000
7.400000 0.199918 0.000000 1.999112 0.000000 -0.045744 0.000000 0.347019 0.000000 1.009990 0.200000 0.000000 2.000000
7.450000 0.199908 0.000000 1.998974 0.000000 -0.046350 0.000000 0.349452 0.000000 1.010219 0.200000 0.000000 2.000000
7.500000 0.199897 0.000000 1.998838 0.000000 -0.045937 0.000000 0.348261 0.000000 1.009905 0.200000 0.000000 2.000000
7.550000 0.199886 0.000000 1.998717 0.000000 -0.044519 0.000000 0.343470 0.000000 1.009079 0.200000 0.000000 2.000000
7.600000 0.199877 0.000000 1.998623 0.000000 -0.042107 0.000000 0.335185 0.000000 1.007819 0.200000 0.000000 2.000000
7.650000 0.199870 0.000000 1.998565 0.000000 -0.038720 0.000000 0.323591 0.000000 1.006248 0.200000 0.000000 2.000000
7.700000 0.199866 0.000000 1.998548 0.000000 -0.034385 0.000000 0.308957 0.000000 1.004517 0.200000 0.000000 2.000000
7.750000 0.199864 0.000000 1.998575 0.000000 -0.029152 0.000000 0.291626 0.000000 1.002794 0.200000 0.000000 2.000000
7.800000 0.199865 0.000000 1.998643 0.000000 -0.023106 0.000000 0.272012 0.000000 1.001249 0.200000 0.000000 2.000000
7.850000 0.199867 0.000000 1.998745 0.000000 -0.016370 0.000000 0.250592 0.000000 1.000033 0.200000 0.000000 2.000000
7.900000 0.199869 0.000000 1.998872 0.000000 -0.009111 0.000000 0.227895 0.000000 0.999265 0.200000 0.000000 2.000000
7.950000 0.199871 0.000000 1.999010 0.000000 -0.001537 0.000000 0.204484 0.000000 0.999021 0.200000 0.000000 2.000000
8.000000 0.199871 0.000000 1.999148 0.000000 0.006119 0.000000 0.180947 0.000000 0.999327 0.200000 0.000000 2.000000
8.050000 0.199870 0.000000 1.999270 0.000000 0.013611 0.000000 0.157872 0.000000 1.000152 0.200000 0.000000 2.000000
8.100000 0.199868 0.000000 1.999366 0.000000 0.020702 0.000000 0.135834 0.000000 1.001418 0.200000 0.000000 2.000000
8.150000 0.199865 0.000000 1.999426 0.000000 0.027180 0.000000 0.115377 0.000000 1.003001 0.200000 0.000000 2.000000
8.200000 0.199864 0.000000 1.999444 0.000000 0.032874 0.000000 0.097001 0.000000 1.004748 0.200000 0.000000 2.000000
8.250000 0.199864 0.000000 1.999418 0.000000 0.037660 0.000000 0.081149 0.000000 1.006490 0.200000 0.000000 2.000000
8.300000 0.199867 0.000000 1.999352 0.000000 0.041456 0.000000 0.068199 0.000000 1.008058 0.200000 0.000000 2.000000
8.350000 0.199872 0.000000 1.999250 0.000000 0.044224 0.000000 0.058453 0.000000 1.009301 0.200000 0.000000 2.000000
8.400000 0.199880 0.000000 1.999124 0.000000 0.045949 0.000000 0.052140 0.000000 1.010098 0.200000 0.000000 2.000000
8.450000 0.199891 0.000000 1.998985 0.000000 0.046638 0.000000 0.049406 0.000000 1.010373 0.200000 0.000000 2.000000
8.500000 0.199902 0.000000 1.998847 0.000000 0.046302 0.000000 0.050318 0.000000 1.010098 0.200000 0.000000 2.000000
8.550000 0.199913 0.000000 1.998722 0.000000 0.044955 0.000000 0.054857 0.000000 1.009299 0.200000 0.000000 2.000000
8.600000 0.199922 0.000000 1.998624 0.000000 0.042608 0.000000 0.062926 0.000000 1.008053 0.200000 0.000000 2.000000
8.650000 0.199930 0.000000 1.998562 0.000000 0.039279 0.000000 0.074343 0.000000 1.006479 0.200000 0.000000 2.000000
8.700000 0.199934 0.000000 1.998542 0.000000 0.034992 0.000000 0.088845 0.000000 1.004731 0.200000 0.000000 2.000000
8.750000 0.199936 0.000000 1.998566 0.000000 0.029797 0.000000 0.106093 0.000000 1.002979 0.200000 0.000000 2.000000
8.800000 0.199935 0.000000 1.998631 0.000000 0.023773 0.000000 0.125674 0.000000 1.001393 0.200000 0.000000 2.000000
8.850000 0.199933 0.000000 1.998732 0.000000 0.017041 0.000000 0.147113 0.000000 1.000128 0.200000 0.000000 2.000000
8.900000 0.199931 0.000000 1.998859 0.000000 0.009767 0.000000 0.169882 0.000000 0.999311 0.200000 0.000000 2.000000
8.950000 0.199929 0.000000 1.998999 0.000000 0.002156 0.000000 0.193415 0.000000 0.999021 0.200000 0.000000 2.000000
9.000000 0.199929 0.000000 1.999139 0.000000 -0.005557 0.000000 0.217123 0.000000 0.999287 0.200000 0.000000 2.000000
9.050000 0.199930 0.000000 1.999265 0.000000 -0.013125 0.000000 0.240411 0.000000 1.000085 0.200000 0.000000 2.000000
9.100000 0.199932 0.000000 1.999365 0.000000 -0.020305 0.000000 0.262701 0.000000 1.001336 0.200000 0.000000 2.000000
9.150000 0.199935 0.000000 1.999428 0.000000 -0.026883 0.000000 0.283439 0.000000 1.002921 0.200000 0.000000 2.000000
9.200000 0.199936 0.000000 1.999450 0.000000 -0.032681 0.000000 0.302120 0.000000 1.004685 0.200000 0.000000 2.000000
9.250000 0.199936 0.000000 1.999428 0.000000 -0.037571 0.000000 0.318293 0.000000 1.006456 0.200000 0.000000 2.000000
9.300000 0.199934 0.000000 1.999363 0.000000 -0.041470 0.000000 0.331572 0.000000 1.008065 0.200000 0.000000 2.000000
9.350000 0.199928 0.000000 1.999263 0.000000 -0.044333 0.000000 0.341646 0.000000 1.009356 0.200000 0.000000 2.000000
9.400000 0.199920 0.000000 1.999136 0.000000 -0.046149 0.000000 0.348280 0.000000 1.010203 0.200000 0.000000 2.000000
9.450000 0.199910 0.000000 1.998996 0.000000 -0.046922 0.000000 0.351321 0.000000 1.010525 0.200000 0.000000 2.000000
9.500000 0.199899 0.000000 1.998855 0.000000 -0.046665 0.000000 0.350694 0.000000 1.010290 0.200000 0.000000 2.000000
9.550000 0.199887 0.000000 1.998728 0.000000 -0.045390 0.000000 0.346410 0.000000 1.009520 0.200000 0.000000 2.000000
9.600000 0.199877 0.000000 1.998626 0.000000 -0.043109 0.000000 0.338563 0.000000 1.008289 0.200000 0.000000 2.000000
9.650000 0.199870 0.000000 1.998559 0.000000 -0.039839 0.000000 0.327329 0.000000 1.006716 0.200000 0.000000 2.000000
9.700000 0.199865 0.000000 1.998535 0.000000 -0.035602 0.000000 0.312965 0.000000 1.004952 0.200000 0.000000 2.000000
9.750000 0.199863 0.000000 1.998556 0.000000 -0.030446 0.000000 0.295806 0.000000 1.003169 0.200000 0.000000 2.000000
9.800000 0.199864 0.000000 1.998620 0.000000 -0.024446 0.000000 0.276263 0.000000 1.001542 0.200000 0.000000 2.000000
9.850000 0.199865 0.000000 1.998720 0.000000 -0.017720 0.000000 0.254808 0.000000 1.000230 0.200000 0.000000 2.000000
9.900000 0.199868 0.000000 1.998846 0.000000 -0.010432 0.000000 0.231971 0.000000 0.999362 0.200000 0.000000 2.000000
9.950000 0.199870 0.000000 1.998988 0.000000 -0.002786 0.000000 0.208318 0.000000 0.999024 0.200000 0.000000 2.000000
10.000000 0.199870 0.000000 1.999130 0.000000 0.004984 0.000000 0.184442 0.000000 0.999249 0.200000 0.000000 2.000000
10.050000 0.199869 0.000000 1.999259 0.000000 0.012626 0.000000 0.160941 0.000000 1.000017 0.200000 0.000000 2.000000
10.100000 0.199867 0.000000 1.999363 0.000000 0.019896 0.000000 0.138400 0.000000 1.001253 0.200000 0.000000 2.000000
10.150000 0.199865 0.000000 1.999430 0.000000 0.026573 0.000000 0.117379 0.000000 1.002838 0.200000 0.000000 2.000000
10.200000 0.199863 0.000000 1.999456 0.000000 0.032477 0.000000 0.098391 0.000000 1.004618 0.200000 0.000000 2.000000
10.250000 0.199863 0.000000 1.999437 0.000000 0.037473 0.000000 0.081895 0.000000 1.006419 0.200000 0.000000 2.000000
10.300000 0.199865 0.000000 1.999375 0.000000 0.041475 0.000000 0.068284 0.000000 1.008069 0.200000 0.000000 2.000000
10.350000 0.199870 0.000000 1.999276 0.000000 0.044437 0.000000 0.057878 0.000000 1.009408 0.200000 0.000000 2.000000
10.400000 0.199878 0.000000 1.999149 0.000000 0.046345 0.000000 0.050918 0.000000 1.010306 0.200000 0.000000 2.000000
10.450000 0.199889 0.000000 1.999007 0.000000 0.047203 0.000000 0.047566 0.000000 1.010676 0.200000 0.000000 2.000000
10.500000 0.199900 0.000000 1.998864 0.000000 0.047025 0.000000 0.047903 0.000000 1.010483 0.200000 0.000000 2.000000
10.550000 0.199912 0.000000 1.998733 0.000000 0.045823 0.000000 0.051925 0.000000 1.009744 0.200000 0.000000 2.000000
10.600000 0.199922 0.000000 1.998627 0.000000 0.043610 0.000000 0.059544 0.000000 1.008529 0.200000 0.000000 2.000000
10.650000 0.199930 0.000000 1.998557 0.000000 0.040400 0.000000 0.070591 0.000000 1.006957 0.200000 0.000000 2.000000
10.700000 0.199935 0.000000 1.998529 0.000000 0.036216 0.000000 0.084812 0.000000 1.005178 0.200000 0.000000 2.000000
10.750000 0.199937 0.000000 1.998547 0.000000 0.031099 0.000000 0.101876 0.000000 1.003366 0.200000 0.000000 2.000000
10.800000 0.199937 0.000000 1.998608 0.000000 0.025125 0.000000 0.121377 0.000000 1.001698 0.200000 0.000000 2.000000
10.850000 0.199935 0.000000 1.998706 0.000000 0.018408 0.000000 0.142842 0.000000 1.000338 0.200000 0.000000 2.000000
10.900000 0.199933 0.000000 1.998833 0.000000 0.011107 0.000000 0.165744 0.000000 0.999418 0.200000 0.000000 2.000000
10.950000 0.199931 0.000000 1.998976 0.000000 0.003427 0.000000 0.189514 0.000000 0.999030 0.200000 0.000000 2.000000
11.000000 0.199930 0.000000 1.999121 0.000000 -0.004398 0.000000 0.213556 0.000000 0.999213 0.200000 0.000000 2.000000
11.050000 0.199931 0.000000 1.999253 0.000000 -0.012114 0.000000 0.237269 0.000000 0.999950 0.200000 0.000000 2.000000
11.100000 0.199933 0.000000 1.999360 0.000000 -0.019474 0.000000 0.260060 0.000000 1.001170 0.200000 0.000000 2.000000
11.150000 0.199935 0.000000 1.999432 0.000000 -0.026252 0.000000 0.281365 0.000000 1.002753 0.200000 0.000000 2.000000
11.200000 0.199937 0.000000 1.999462 0.000000 -0.032263 0.000000 0.300662 0.000000 1.004547 0.200000 0.000000 2.000000
11.250000 0.199938 0.000000 1.999446 0.000000 -0.037366 0.000000 0.317484 0.000000 1.006379 0.200000 0.000000 2.000000
11.300000 0.199935 0.000000 1.999386 0.000000 -0.041472 0.000000 0.331430 0.000000 1.008069 0.200000 0.000000 2.000000
11.350000 0.199930 0.000000 1.999288 0.000000 -0.044534 0.000000 0.342173 0.000000 1.009457 0.200000 0.000000 2.000000
11.400000 0.199922 0.000000 1.999162 0.000000 -0.046535 0.000000 0.349463 0.000000 1.010407 0.200000 0.000000 2.000000
11.450000 0.199912 0.000000 1.999019 0.000000 -0.047480 0.000000 0.353131 0.000000 1.010827 0.200000 0.000000 2.000000
11.500000 0.199900 0.000000 1.998873 0.000000 -0.047382 0.000000 0.353089 0.000000 1.010677 0.200000 0.000000 2.000000
11.550000 0.199889 0.000000 1.998739 0.000000 -0.046255 0.000000 0.349335 0.000000 1.009969 0.200000 0.000000 2.000000
11.600000 0.199878 0.000000 1.998630 0.000000 -0.044111 0.000000 0.341949 0.000000 1.008773 0.200000 0.000000 2.000000
11.650000 0.199870 0.000000 1.998555 0.000000 -0.040963 0.000000 0.331096 0.000000 1.007203 0.200000 0.000000 2.000000
11.700000 0.199864 0.000000 1.998523 0.000000 -0.036831 0.000000 0.317023 0.000000 1.005410 0.200000 0.000000 2.000000
11.750000 0.199862 0.000000 1.998537 0.000000 -0.031757 0.000000 0.300059 0.000000 1.003570 0.200000 0.000000 2.000000
11.800000 0.199862 0.000000 1.998596 0.000000 -0.025810 0.000000 0.280606 0.000000 1.001861 0.200000 0.000000 2.000000
11.850000 0.199864 0.000000 1.998693 0.000000 -0.019103 0.000000 0.259134 0.000000 1.000451 0.200000 0.000000 2.000000
11.900000 0.199866 0.000000 1.998820 0.000000 -0.011792 0.000000 0.236171 0.000000 0.999479 0.200000 0.000000 2.000000
11.950000 0.199868 0.000000 1.998964 0.000000 -0.004079 0.000000 0.212288 0.000000 0.999041 0.200000 0.000000 2.000000
12.000000 0.199869 0.000000 1.999111 0.000000 0.003800 0.000000 0.188081 0.000000 0.999180 0.200000 0.000000 2.000000
12.050000 0.199868 0.000000 1.999246 0.000000 0.011590 0.000000 0.164158 0.000000 0.999884 0.200000 0.000000 2.000000
12.100000 0.199867 0.000000 1.999358 0.000000 0.019040 0.000000 0.141116 0.000000 1.001085 0.200000 0.000000 2.000000
12.150000 0.199864 0.000000 1.999434 0.000000 0.025919 0.000000 0.119526 0.000000 1.002666 0.200000 0.000000 2.000000
12.200000 0.199862 0.000000 1.999467 0.000000 0.032037 0.000000 0.099919 0.000000 1.004474 0.200000 0.000000 2.000000
12.250000 0.199861 0.000000 1.999455 0.000000 0.037249 0.000000 0.082769 0.000000 1.006334 0.200000 0.000000 2.000000
12.300000 0.199863 0.000000 1.999398 0.000000 0.041461 0.000000 0.068484 0.000000 1.008066 0.200000 0.000000 2.000000
12.350000 0.199868 0.000000 1.999302 0.000000 0.044624 0.000000 0.057400 0.000000 1.009502 0.200000 0.000000 2.000000
12.400000 0.199876 0.000000 1.999175 0.000000 0.046720 0.000000 0.049776 0.000000 1.010505 0.200000 0.000000 2.000000
12.450000 0.199887 0.000000 1.999031 0.000000 0.047753 0.000000 0.045787 0.000000 1.010976 0.200000 0.000000 2.000000
12.500000 0.199898 0.000000 1.998883 0.000000 0.047737 0.000000 0.045528 0.000000 1.010870 0.200000 0.000000 2.000000
12.550000 0.199910 0.000000 1.998746 0.000000 0.046685 0.000000 0.049010 0.000000 1.010197 0.200000 0.000000 2.000000
12.600000 0.199921 0.000000 1.998632 0.000000 0.044611 0.000000 0.056156 0.000000 1.009020 0.200000 0.000000 2.000000
12.650000 0.199930 0.000000 1.998554 0.000000 0.041526 0.000000 0.066810 0.000000 1.007454 0.200000 0.000000 2.000000
12.700000 0.199936 0.000000 1.998518 0.000000 0.037450 0.000000 0.080728 0.000000 1.005648 0.200000 0.000000 2.000000
12.750000 0.199938 0.000000 1.998528 0.000000 0.032419 0.000000 0.097587 0.000000 1.003780 0.200000 0.000000 2.000000
12.800000 0.199938 0.000000 1.998584 0.000000 0.026502 0.000000 0.116987 0.000000 1.002030 0.200000 0.000000 2.000000
12.850000 0.199937 0.000000 1.998680 0.000000 0.019806 0.000000 0.138461 0.000000 1.000571 0.200000 0.000000 2.000000
12.900000 0.199934 0.000000 1.998806 0.000000 0.012487 0.000000 0.161481 0.000000 0.999546 0.200000 0.000000 2.000000
12.950000 0.199932 0.000000 1.998951 0.000000 0.004743 0.000000 0.185475 0.000000 0.999056 0.200000 0.000000 2.000000
13.000000 0.199931 0.000000 1.999100 0.000000 -0.003189 0.000000 0.209844 0.000000 0.999150 0.200000 0.000000 2.000000
13.050000 0.199931 0.000000 1.999239 0.000000 -0.011053 0.000000 0.233977 0.000000 0.999819 0.200000 0.000000 2.000000
13.100000 0.199933 0.000000 1.999355 0.000000 -0.018592 0.000000 0.257269 0.000000 1.001000 0.200000 0.000000 2.000000
13.150000 0.199936 0.000000 1.999435 0.000000 -0.025573 0.000000 0.279143 0.000000 1.002577 0.200000 0.000000 2.000000
13.200000 0.199938 0.000000 1.999473 0.000000 -0.031799 0.000000 0.299062 0.000000 1.004398 0.200000 0.000000 2.000000
13.250000 0.199939 0.000000 1.999464 0.000000 -0.037121 0.000000 0.316544 0.000000 1.006285 0.200000 0.000000 2.000000
13.300000 0.199937 0.000000 1.999410 0.000000 -0.041441 0.000000 0.331171 0.000000 1.008058 0.200000 0.000000 2.000000
13.350000 0.199932 0.000000 1.999315 0.000000 -0.044707 0.000000 0.342599 0.000000 1.009544 0.200000 0.000000 2.000000
13.400000 0.199924 0.000000 1.999189 0.000000 -0.046899 0.000000 0.350563 0.000000 1.010600 0.200000 0.000000 2.000000
13.450000 0.199914 0.000000 1.999044 0.000000 -0.048022 0.000000 0.354878 0.000000 1.011123 0.200000 0.000000 2.000000
13.500000 0.199902 0.000000 1.998893 0.000000 -0.048088 0.000000 0.355442 0.000000 1.011064 0.200000 0.000000 2.000000
13.550000 0.199890 0.000000 1.998753 0.000000 -0.047114 0.000000 0.352240 0.000000 1.010426 0.200000 0.000000 2.000000
13.600000 0.199879 0.000000 1.998635 0.000000 -0.045111 0.000000 0.345338 0.000000 1.009271 0.200000 0.000000 2.000000
13.650000 0.199870 0.000000 1.998552 0.000000 -0.042090 0.000000 0.334890 0.000000 1.007709 0.200000 0.000000 2.000000
13.700000 0.199863 0.000000 1.998512 0.000000 -0.038070 0.000000 0.321132 0.000000 1.005892 0.200000 0.000000 2.000000
13.750000 0.199860 0.000000 1.998519 0.000000 -0.033085 0.000000 0.304384 0.000000 1.003996 0.200000 0.000000 2.000000
13.800000 0.199860 0.000000 1.998572 0.000000 -0.027200 0.000000 0.285041 0.000000 1.002206 0.200000 0.000000 2.000000
13.850000 0.199862 0.000000 1.998666 0.000000 -0.020518 0.000000 0.263571 0.000000 1.000697 0.200000 0.000000 2.000000
13.900000 0.199865 0.000000 1.998792 0.000000 -0.013191 0.000000 0.240498 0.000000 0.999618 0.200000 0.000000 2.000000
13.950000 0.199867 0.000000 1.998938 0.000000 -0.005418 0.000000 0.216396 0.000000 0.999075 0.200000 0.000000 2.000000
14.000000 0.199868 0.000000 1.999090 0.000000 0.002565 0.000000 0.191867 0.000000 0.999122 0.200000 0.000000 2.000000
