0.000000 0.000000 0.000000 2.000000
0.000000 0.000000 0.000000 1.000000


0.050000 0.000000 0.000000 1.999956
0.050000 0.000000 0.000000 0.999956


0.100000 0.000000 0.000000 1.999892
0.100000 0.000000 0.000000 0.999892


0.150000 0.000000 0.000000 1.999830
0.150000 0.000000 0.000000 0.999830


0.200000 0.000000 0.000000 1.999772
0.200000 0.000000 0.000000 0.999772


0.250000 0.000000 0.000000 1.999718
0.250000 0.000000 0.000000 0.999718


0.300000 0.000000 0.000000 1.999668
0.300000 0.000000 0.000000 0.999668


0.350000 0.000000 0.000000 1.999622
0.350000 0.000000 0.000000 0.999622


0.400000 0.000000 0.000000 1.999579
0.400000 0.000000 0.000000 0.999579


0.450000 0.000000 0.000000 1.999538
0.450000 0.000000 0.000000 0.999538


0.500000 0.000000 0.000000 1.999501
0.500000 0.000000 0.000000 0.999501


0.550000 0.000000 0.000000 1.999466
0.550000 0.000000 0.000000 0.999466


0.600000 0.000000 0.000000 1.999434
0.600000 0.000000 0.000000 0.999434


0.650000 0.000000 0.000000 1.999403
0.650000 0.000000 0.000000 0.999403


0.700000 0.000000 0.000000 1.999375
0.700000 0.000000 0.000000 0.999375


0.750000 0.000000 0.000000 1.999349
0.750000 0.000000 0.000000 0.999349


0.800000 0.000000 0.000000 1.999325
0.800000 0.000000 0.000000 0.999325


0.850000 0.000000 0.000000 1.999302
0.850000 0.000000 0.000000 0.999302


0.900000 0.000000 0.000000 1.999281
0.900000 0.000000 0.000000 0.999281


0.950000 0.000000 0.000000 1.999262
0.950000 0.000000 0.000000 0.999262


1.000000 0.000000 0.000000 1.999244
1.000000 0.000000 0.000000 0.999244


1.050000 0.000000 0.000000 1.999227
1.050000 0.000000 0.000000 0.999227


1.100000 0.000000 0.000000 1.999211
1.100000 0.000000 0.000000 0.999211


1.150000 0.000000 0.000000 1.999196
1.150000 0.000000 0.000000 0.999196


1.200000 0.000000 0.000000 1.999182
1.200000 0.000000 0.000000 0.999182


1.250000 0.000000 0.000000 1.999170
1.250000 0.000000 0.000000 0.999170


1.300000 0.000000 0.000000 1.999158
1.300000 0.000000 0.000000 0.999158


1.350000 0.000000 0.000000 1.999147
1.350000 0.000000 0.000000 0.999147


1.400000 0.000000 0.000000 1.999137
1.400000 0.000000 0.000000 0.999137


1.450000 0.000000 0.000000 1.999127
1.450000 0.000000 0.000000 0.999127


1.500000 0.000000 0.000000 1.999118
1.500000 0.000000 0.000000 0.999118


1.550000 0.000000 0.000000 1.999110
1.550000 0.000000 0.000000 0.999110


1.600000 0.000000 0.000000 1.999103
1.600000 0.000000 0.000000 0.999103


1.650000 0.000000 0.000000 1.999095
1.650000 0.000000 0.000000 0.999095


1.700000 0.000000 0.000000 1.999089
1.700000 0.000000 0.000000 0.999089


1.750000 0.000000 0.000000 1.999083
1.750000 0.000000 0.000000 0.999083


1.800000 0.000000 0.000000 1.999077
1.800000 0.000000 0.000000 0.999077


1.850000 0.000000 0.000000 1.999072
1.850000 0.000000 0.000000 0.999072


1.900000 0.000000 0.000000 1.999067
1.900000 0.000000 0.000000 0.999067


1.950000 0.000000 0.000000 1.999062
1.950000 0.000000 0.000000 0.999062


2.000000 0.000000 0.000000 1.999058
2.000000 0.000000 0.000000 0.999058


2.050000 0.008916 0.000000 1.999068
2.050000 0.000020 0.000000 0.999107


2.100000 0.020660 0.000000 1.999094
2.100000 0.000253 0.000000 0.999302


2.150000 0.032359 0.000000 1.999116
2.150000 0.000983 0.000000 0.999608


2.200000 0.044057 0.000000 1.999129
2.200000 0.002479 0.000000 0.999994


2.250000 0.055755 0.000000 1.999132
2.250000 0.004992 0.000000 1.000421


2.300000 0.067452 0.000000 1.999125
2.300000 0.008746 0.000000 1.000849


2.350000 0.079150 0.000000 1.999107
2.350000 0.013935 0.000000 1.001236


2.400000 0.090848 0.000000 1.999081
2.400000 0.020716 0.000000 1.001543


2.450000 0.102547 0.000000 1.999049
2.450000 0.029211 0.000000 1.001742


2.500000 0.114245 0.000000 1.999014
2.500000 0.039496 0.000000 1.001811


2.550000 0.125944 0.000000 1.998979
2.550000 0.051608 0.000000 1.001745


2.600000 0.137642 0.000000 1.998947
2.600000 0.065536 0.000000 1.001550


2.650000 0.149340 0.000000 1.998922
2.650000 0.081230 0.000000 1.001244


2.700000 0.161038 0.000000 1.998906
2.700000 0.098592 0.000000 1.000857


2.750000 0.172735 0.000000 1.998900
2.750000 0.117488 0.000000 1.000427


2.800000 0.184432 0.000000 1.998905
2.800000 0.137744 0.000000 0.999995


2.850000 0.196129 0.000000 1.998920
2.850000 0.159150 0.000000 0.999604


2.900000 0.199882 0.000000 1.998896
2.900000 0.181449 0.000000 0.999066


2.950000 0.199794 0.000000 1.999008
2.950000 0.204217 0.000000 0.999018


3.000000 0.199800 0.000000 1.999135
3.000000 0.226885 0.000000 0.999501


3.050000 0.199810 0.000000 1.999244
3.050000 0.248888 0.000000 1.000449


3.100000 0.199821 0.000000 1.999325
3.100000 0.269679 0.000000 1.001768


3.150000 0.199830 0.000000 1.999369
3.150000 0.288748 0.000000 1.003330


3.200000 0.199839 0.000000 1.999373
3.200000 0.305632 0.000000 1.004985


3.250000 0.199844 0.000000 1.999336
3.250000 0.319923 0.000000 1.006572


3.300000 0.199847 0.000000 1.999263
3.300000 0.331285 0.000000 1.007938


3.350000 0.199847 0.000000 1.999160
3.350000 0.339450 0.000000 1.008952


3.400000 0.199844 0.000000 1.999038
3.400000 0.344228 0.000000 1.009516


3.450000 0.199839 0.000000 1.998908
3.450000 0.345506 0.000000 1.009575


3.500000 0.199834 0.000000 1.998784
3.500000 0.343252 0.000000 1.009122


3.550000 0.199829 0.000000 1.998678
3.550000 0.337513 0.000000 1.008202


3.600000 0.199824 0.000000 1.998600
3.600000 0.328418 0.000000 1.006903


3.650000 0.199822 0.000000 1.998559
3.650000 0.316174 0.000000 1.005350


3.700000 0.199823 0.000000 1.998557
3.700000 0.301065 0.000000 1.003695


3.750000 0.199825 0.000000 1.998596
3.750000 0.283450 0.000000 1.002099


3.800000 0.199829 0.000000 1.998673
3.800000 0.263752 0.000000 1.000718


3.850000 0.199834 0.000000 1.998779
3.850000 0.242452 0.000000 0.999688


3.900000 0.199838 0.000000 1.998905
3.900000 0.220077 0.000000 0.999110


3.950000 0.199842 0.000000 1.999039
3.950000 0.197185 0.000000 0.999042


4.000000 0.199844 0.000000 1.999167
4.000000 0.174349 0.000000 0.999492


4.050000 0.199844 0.000000 1.999277
4.050000 0.152137 0.000000 1.000415


4.100000 0.199844 0.000000 1.999358
4.100000 0.131104 0.000000 1.001724


4.150000 0.199844 0.000000 1.999404
4.150000 0.111766 0.000000 1.003290


4.200000 0.199845 0.000000 1.999409
4.200000 0.094594 0.000000 1.004963


4.250000 0.199847 0.000000 1.999373
4.250000 0.080001 0.000000 1.006580


4.300000 0.199852 0.000000 1.999299
4.300000 0.068333 0.000000 1.007985


4.350000 0.199859 0.000000 1.999195
4.350000 0.059865 0.000000 1.009043


4.400000 0.199868 0.000000 1.999071
4.400000 0.054793 0.000000 1.009650


4.450000 0.199880 0.000000 1.998938
4.450000 0.053237 0.000000 1.009748


4.500000 0.199891 0.000000 1.998810
4.500000 0.055237 0.000000 1.009328


4.550000 0.199902 0.000000 1.998699
4.550000 0.060749 0.000000 1.008428


4.600000 0.199911 0.000000 1.998617
4.600000 0.069653 0.000000 1.007137


4.650000 0.199918 0.000000 1.998570
4.650000 0.081745 0.000000 1.005577


4.700000 0.199922 0.000000 1.998564
4.700000 0.096746 0.000000 1.003901


4.750000 0.199924 0.000000 1.998600
4.750000 0.114300 0.000000 1.002273


4.800000 0.199924 0.000000 1.998674
4.800000 0.133986 0.000000 1.000850


4.850000 0.199923 0.000000 1.998779
4.850000 0.155324 0.000000 0.999774


4.900000 0.199921 0.000000 1.998904
4.900000 0.177786 0.000000 0.999149


4.950000 0.199921 0.000000 1.999039
4.950000 0.200813 0.000000 0.999039


5.000000 0.199921 0.000000 1.999169
5.000000 0.223829 0.000000 0.999454


5.050000 0.199923 0.000000 1.999281
5.050000 0.246259 0.000000 1.000355


5.100000 0.199926 0.000000 1.999366
5.100000 0.267545 0.000000 1.001655


5.150000 0.199928 0.000000 1.999415
5.150000 0.287163 0.000000 1.003227


5.200000 0.199930 0.000000 1.999422
5.200000 0.304634 0.000000 1.004919


5.250000 0.199929 0.000000 1.999388
5.250000 0.319539 0.000000 1.006567


5.300000 0.199927 0.000000 1.999316
5.300000 0.331524 0.000000 1.008013


5.350000 0.199921 0.000000 1.999212
5.350000 0.340307 0.000000 1.009115


5.400000 0.199913 0.000000 1.999087
5.400000 0.345683 0.000000 1.009769


5.450000 0.199903 0.000000 1.998952
5.450000 0.347528 0.000000 1.009909


5.500000 0.199893 0.000000 1.998822
5.500000 0.345793 0.000000 1.009522


5.550000 0.199883 0.000000 1.998707
5.550000 0.340517 0.000000 1.008646


5.600000 0.199874 0.000000 1.998621
5.600000 0.331815 0.000000 1.007363


5.650000 0.199868 0.000000 1.998570
5.650000 0.319884 0.000000 1.005798


5.700000 0.199865 0.000000 1.998561
5.700000 0.305001 0.000000 1.004103


5.750000 0.199864 0.000000 1.998593
5.750000 0.287517 0.000000 1.002442


5.800000 0.199865 0.000000 1.998665
5.800000 0.267851 0.000000 1.000979


5.850000 0.199867 0.000000 1.998769
5.850000 0.246482 0.000000 0.999856


5.900000 0.199869 0.000000 1.998895
5.900000 0.223939 0.000000 0.999185


5.950000 0.199870 0.000000 1.999031
5.950000 0.200782 0.000000 0.999031


6.000000 0.199870 0.000000 1.999163
6.000000 0.177591 0.000000 0.999411


6.050000 0.199869 0.000000 1.999279
6.050000 0.154945 0.000000 1.000289


6.100000 0.199867 0.000000 1.999368
6.100000 0.133409 0.000000 1.001578


6.150000 0.199865 0.000000 1.999420
6.150000 0.113513 0.000000 1.003155


6.200000 0.199864 0.000000 1.999431
6.200000 0.095742 0.000000 1.004866


6.250000 0.199864 0.000000 1.999399
6.250000 0.080525 0.000000 1.006546


6.300000 0.199868 0.000000 1.999329
6.300000 0.068222 0.000000 1.008032


6.350000 0.199873 0.000000 1.999226
6.350000 0.059122 0.000000 1.009181


6.400000 0.199882 0.000000 1.999100
6.400000 0.053437 0.000000 1.009881


6.450000 0.199892 0.000000 1.998964
6.450000 0.051302 0.000000 1.010065


6.500000 0.199903 0.000000 1.998830
6.500000 0.052767 0.000000 1.009714


6.550000 0.199913 0.000000 1.998713
6.550000 0.057803 0.000000 1.008862


6.600000 0.199922 0.000000 1.998622
6.600000 0.066300 0.000000 1.007590


6.650000 0.199929 0.000000 1.998568
6.650000 0.078065 0.000000 1.006021


6.700000 0.199933 0.000000 1.998555
6.700000 0.092826 0.000000 1.004307


6.750000 0.199934 0.000000 1.998585
6.750000 0.110236 0.000000 1.002616


6.800000 0.199933 0.000000 1.998654
6.800000 0.129879 0.000000 1.001111


6.850000 0.199932 0.000000 1.998758
6.850000 0.151275 0.000000 0.999942


6.900000 0.199930 0.000000 1.998884
6.900000 0.173897 0.000000 0.999223


6.950000 0.199928 0.000000 1.999021
6.950000 0.197182 0.000000 0.999025


7.000000 0.199928 0.000000 1.999156
7.000000 0.220547 0.000000 0.999368


7.050000 0.199929 0.000000 1.999275
7.050000 0.243408 0.000000 1.000221


7.100000 0.199931 0.000000 1.999367
7.100000 0.265195 0.000000 1.001499


7.150000 0.199934 0.000000 1.999423
7.150000 0.285371 0.000000 1.003080


7.200000 0.199935 0.000000 1.999438
7.200000 0.303444 0.000000 1.004809


7.250000 0.199935 0.000000 1.999409
7.250000 0.318977 0.000000 1.006520


7.300000 0.199932 0.000000 1.999340
7.300000 0.331602 0.000000 1.008047


7.350000 0.199926 0.000000 1.999238
7.350000 0.341023 0.000000 1.009242


7.400000 0.199918 0.000000 1.999112
7.400000 0.347019 0.000000 1.009990


7.450000 0.199908 0.000000 1.998974
7.450000 0.349452 0.000000 1.010219


7.500000 0.199897 0.000000 1.998838
7.500000 0.348261 0.000000 1.009905


7.550000 0.199886 0.000000 1.998717
7.550000 0.343470 0.000000 1.009079


7.600000 0.199877 0.000000 1.998623
7.600000 0.335185 0.000000 1.007819


7.650000 0.199870 0.000000 1.998565
7.650000 0.323591 0.000000 1.006248


7.700000 0.199866 0.000000 1.998548
7.700000 0.308957 0.000000 1.004517


7.750000 0.199864 0.000000 1.998575
7.750000 0.291626 0.000000 1.002794


7.800000 0.199865 0.000000 1.998643
7.800000 0.272012 0.000000 1.001249


7.850000 0.199867 0.000000 1.998745
7.850000 0.250592 0.000000 1.000033


7.900000 0.199869 0.000000 1.998872
7.900000 0.227895 0.000000 0.999265


7.950000 0.199871 0.000000 1.999010
7.950000 0.204484 0.000000 0.999021


8.000000 0.199871 0.000000 1.999148
8.000000 0.180947 0.000000 0.999327


8.050000 0.199870 0.000000 1.999270
8.050000 0.157872 0.000000 1.000152


8.100000 0.199868 0.000000 1.999366
8.100000 0.135834 0.000000 1.001418


8.150000 0.199865 0.000000 1.999426
8.150000 0.115377 0.000000 1.003001


8.200000 0.199864 0.000000 1.999444
8.200000 0.097001 0.000000 1.004748


8.250000 0.199864 0.000000 1.999418
8.250000 0.081149 0.000000 1.006490


8.300000 0.199867 0.000000 1.999352
8.300000 0.068199 0.000000 1.008058


8.350000 0.199872 0.000000 1.999250
8.350000 0.058453 0.000000 1.009301


8.400000 0.199880 0.000000 1.999124
8.400000 0.052140 0.000000 1.010098


8.450000 0.199891 0.000000 1.998985
8.450000 0.049406 0.000000 1.010373


8.500000 0.199902 0.000000 1.998847
8.500000 0.050318 0.000000 1.010098


8.550000 0.199913 0.000000 1.998722
8.550000 0.054857 0.000000 1.009299


8.600000 0.199922 0.000000 1.998624
8.600000 0.062926 0.000000 1.008053


8.650000 0.199930 0.000000 1.998562
8.650000 0.074343 0.000000 1.006479


8.700000 0.199934 0.000000 1.998542
8.700000 0.088845 0.000000 1.004731


8.750000 0.199936 0.000000 1.998566
8.750000 0.106093 0.000000 1.002979


8.800000 0.199935 0.000000 1.998631
8.800000 0.125674 0.000000 1.001393


8.850000 0.199933 0.000000 1.998732
8.850000 0.147113 0.000000 1.000128


8.900000 0.199931 0.000000 1.998859
8.900000 0.169882 0.000000 0.999311


8.950000 0.199929 0.000000 1.998999
8.950000 0.193415 0.000000 0.999021


9.000000 0.199929 0.000000 1.999139
9.000000 0.217123 0.000000 0.999287


9.050000 0.199930 0.000000 1.999265
9.050000 0.240411 0.000000 1.000085


9.100000 0.199932 0.000000 1.999365
9.100000 0.262701 0.000000 1.001336


9.150000 0.199935 0.000000 1.999428
9.150000 0.283439 0.000000 1.002921


9.200000 0.199936 0.000000 1.999450
9.200000 0.302120 0.000000 1.004685


9.250000 0.199936 0.000000 1.999428
9.250000 0.318293 0.000000 1.006456


9.300000 0.199934 0.000000 1.999363
9.300000 0.331572 0.000000 1.008065


9.350000 0.199928 0.000000 1.999263
9.350000 0.341646 0.000000 1.009356


9.400000 0.199920 0.000000 1.999136
9.400000 0.348280 0.000000 1.010203


9.450000 0.199910 0.000000 1.998996
9.450000 0.351321 0.000000 1.010525


9.500000 0.199899 0.000000 1.998855
9.500000 0.350694 0.000000 1.010290


9.550000 0.199887 0.000000 1.998728
9.550000 0.346410 0.000000 1.009520


9.600000 0.199877 0.000000 1.998626
9.600000 0.338563 0.000000 1.008289


9.650000 0.199870 0.000000 1.998559
9.650000 0.327329 0.000000 1.006716


9.700000 0.199865 0.000000 1.998535
9.700000 0.312965 0.000000 1.004952


9.750000 0.199863 0.000000 1.998556
9.750000 0.295806 0.000000 1.003169


9.800000 0.199864 0.000000 1.998620
9.800000 0.276263 0.000000 1.001542


9.850000 0.199865 0.000000 1.998720
9.850000 0.254808 0.000000 1.000230


9.900000 0.199868 0.000000 1.998846
9.900000 0.231971 0.000000 0.999362


9.950000 0.199870 0.000000 1.998988
9.950000 0.208318 0.000000 0.999024


10.000000 0.199870 0.000000 1.999130
10.000000 0.184442 0.000000 0.999249


10.050000 0.199869 0.000000 1.999259
10.050000 0.160941 0.000000 1.000017


10.100000 0.199867 0.000000 1.999363
10.100000 0.138400 0.000000 1.001253


10.150000 0.199865 0.000000 1.999430
10.150000 0.117379 0.000000 1.002838


10.200000 0.199863 0.000000 1.999456
10.200000 0.098391 0.000000 1.004618


10.250000 0.199863 0.000000 1.999437
10.250000 0.081895 0.000000 1.006419


10.300000 0.199865 0.000000 1.999375
10.300000 0.068284 0.000000 1.008069


10.350000 0.199870 0.000000 1.999276
10.350000 0.057878 0.000000 1.009408


10.400000 0.199878 0.000000 1.999149
10.400000 0.050918 0.000000 1.010306


10.450000 0.199889 0.000000 1.999007
10.450000 0.047566 0.000000 1.010676


10.500000 0.199900 0.000000 1.998864
10.500000 0.047903 0.000000 1.010483


10.550000 0.199912 0.000000 1.998733
10.550000 0.051925 0.000000 1.009744


10.600000 0.199922 0.000000 1.998627
10.600000 0.059544 0.000000 1.008529


10.650000 0.199930 0.000000 1.998557
10.650000 0.070591 0.000000 1.006957


10.700000 0.199935 0.000000 1.998529
10.700000 0.084812 0.000000 1.005178


10.750000 0.199937 0.000000 1.998547
10.750000 0.101876 0.000000 1.003366


10.800000 0.199937 0.000000 1.998608
10.800000 0.121377 0.000000 1.001698


10.850000 0.199935 0.000000 1.998706
10.850000 0.142842 0.000000 1.000338


10.900000 0.199933 0.000000 1.998833
10.900000 0.165744 0.000000 0.999418


10.950000 0.199931 0.000000 1.998976
10.950000 0.189514 0.000000 0.999030


11.000000 0.199930 0.000000 1.999121
11.000000 0.213556 0.000000 0.999213


11.050000 0.199931 0.000000 1.999253
11.050000 0.237269 0.000000 0.999950


11.100000 0.199933 0.000000 1.999360
11.100000 0.260060 0.000000 1.001170


11.150000 0.199935 0.000000 1.999432
11.150000 0.281365 0.000000 1.002753


11.200000 0.199937 0.000000 1.999462
11.200000 0.300662 0.000000 1.004547


11.250000 0.199938 0.000000 1.999446
11.250000 0.317484 0.000000 1.006379


11.300000 0.199935 0.000000 1.999386
11.300000 0.331430 0.000000 1.008069


11.350000 0.199930 0.000000 1.999288
11.350000 0.342173 0.000000 1.009457


11.400000 0.199922 0.000000 1.999162
11.400000 0.349463 0.000000 1.010407


11.450000 0.199912 0.000000 1.999019
11.450000 0.353131 0.000000 1.010827


11.500000 0.199900 0.000000 1.998873
11.500000 0.353089 0.000000 1.010677


11.550000 0.199889 0.000000 1.998739
11.550000 0.349335 0.000000 1.009969


11.600000 0.199878 0.000000 1.998630
11.600000 0.341949 0.000000 1.008773


11.650000 0.199870 0.000000 1.998555
11.650000 0.331096 0.000000 1.007203


11.700000 0.199864 0.000000 1.998523
11.700000 0.317023 0.000000 1.005410


11.750000 0.199862 0.000000 1.998537
11.750000 0.300059 0.000000 1.003570


11.800000 0.199862 0.000000 1.998596
11.800000 0.280606 0.000000 1.001861


11.850000 0.199864 0.000000 1.998693
11.850000 0.259134 0.000000 1.000451


11.900000 0.199866 0.000000 1.998820
11.900000 0.236171 0.000000 0.999479


11.950000 0.199868 0.000000 1.998964
11.950000 0.212288 0.000000 0.999041


12.000000 0.199869 0.000000 1.999111
12.000000 0.188081 0.000000 0.999180


12.050000 0.199868 0.000000 1.999246
12.050000 0.164158 0.000000 0.999884


12.100000 0.199867 0.000000 1.999358
12.100000 0.141116 0.000000 1.001085


12.150000 0.199864 0.000000 1.999434
12.150000 0.119526 0.000000 1.002666


12.200000 0.199862 0.000000 1.999467
12.200000 0.099919 0.000000 1.004474


12.250000 0.199861 0.000000 1.999455
12.250000 0.082769 0.000000 1.006334


12.300000 0.199863 0.000000 1.999398
12.300000 0.068484 0.000000 1.008066


12.350000 0.199868 0.000000 1.999302
12.350000 0.057400 0.000000 1.009502


12.400000 0.199876 0.000000 1.999175
12.400000 0.049776 0.000000 1.010505


12.450000 0.199887 0.000000 1.999031
12.450000 0.045787 0.000000 1.010976


12.500000 0.199898 0.000000 1.998883
12.500000 0.045528 0.000000 1.010870


12.550000 0.199910 0.000000 1.998746
12.550000 0.049010 0.000000 1.010197


12.600000 0.199921 0.000000 1.998632
12.600000 0.056156 0.000000 1.009020


12.650000 0.199930 0.000000 1.998554
12.650000 0.066810 0.000000 1.007454


12.700000 0.199936 0.000000 1.998518
12.700000 0.080728 0.000000 1.005648


12.750000 0.199938 0.000000 1.998528
12.750000 0.097587 0.000000 1.003780


12.800000 0.199938 0.000000 1.998584
12.800000 0.116987 0.000000 1.002030


12.850000 0.199937 0.000000 1.998680
12.850000 0.138461 0.000000 1.000571


12.900000 0.199934 0.000000 1.998806
12.900000 0.161481 0.000000 0.999546


12.950000 0.199932 0.000000 1.998951
12.950000 0.185475 0.000000 0.999056


13.000000 0.199931 0.000000 1.999100
13.000000 0.209844 0.000000 0.999150


13.050000 0.199931 0.000000 1.999239
13.050000 0.233977 0.000000 0.999819


13.100000 0.199933 0.000000 1.999355
13.100000 0.257269 0.000000 1.001000


13.150000 0.199936 0.000000 1.999435
13.150000 0.279143 0.000000 1.002577


13.200000 0.199938 0.000000 1.999473
13.200000 0.299062 0.000000 1.004398


13.250000 0.199939 0.000000 1.999464
13.250000 0.316544 0.000000 1.006285


13.300000 0.199937 0.000000 1.999410
13.300000 0.331171 0.000000 1.008058


13.350000 0.199932 0.000000 1.999315
13.350000 0.342599 0.000000 1.009544


13.400000 0.199924 0.000000 1.999189
13.400000 0.350563 0.000000 1.010600


13.450000 0.199914 0.000000 1.999044
13.450000 0.354878 0.000000 1.011123


13.500000 0.199902 0.000000 1.998893
13.500000 0.355442 0.000000 1.011064


13.550000 0.199890 0.000000 1.998753
13.550000 0.352240 0.000000 1.010426


13.600000 0.199879 0.000000 1.998635
13.600000 0.345338 0.000000 1.009271


13.650000 0.199870 0.000000 1.998552
13.650000 0.334890 0.000000 1.007709


13.700000 0.199863 0.000000 1.998512
13.700000 0.321132 0.000000 1.005892


13.750000 0.199860 0.000000 1.998519
13.750000 0.304384 0.000000 1.003996


13.800000 0.199860 0.000000 1.998572
13.800000 0.285041 0.000000 1.002206


13.850000 0.199862 0.000000 1.998666
13.850000 0.263571 0.000000 1.000697


13.900000 0.199865 0.000000 1.998792
13.900000 0.240498 0.000000 0.999618


13.950000 0.199867 0.000000 1.998938
13.950000 0.216396 0.000000 0.999075


14.000000 0.199868 0.000000 1.999090
14.000000 0.191867 0.000000 0.999122


