0.000000 0.000000 -0.232000 2.000000
0.000000 0.000000 0.232000 2.000000


0.050000 0.000000 -0.232000 1.999956
0.050000 0.000000 0.232000 1.999956


0.100000 0.000000 -0.232000 1.999892
0.100000 0.000000 0.232000 1.999892


0.150000 0.000000 -0.232000 1.999830
0.150000 0.000000 0.232000 1.999830


0.200000 0.000000 -0.232000 1.999772
0.200000 0.000000 0.232000 1.999772


0.250000 0.000000 -0.232000 1.999718
0.250000 0.000000 0.232000 1.999718


0.300000 0.000000 -0.232000 1.999668
0.300000 0.000000 0.232000 1.999668


0.350000 0.000000 -0.232000 1.999622
0.350000 0.000000 0.232000 1.999622


0.400000 0.000000 -0.232000 1.999579
0.400000 0.000000 0.232000 1.999579


0.450000 0.000000 -0.232000 1.999538
0.450000 0.000000 0.232000 1.999538


0.500000 0.000000 -0.232000 1.999501
0.500000 0.000000 0.232000 1.999501


0.550000 0.000000 -0.232000 1.999466
0.550000 0.000000 0.232000 1.999466


0.600000 0.000000 -0.232000 1.999434
0.600000 0.000000 0.232000 1.999434


0.650000 0.000000 -0.232000 1.999403
0.650000 0.000000 0.232000 1.999403


0.700000 0.000000 -0.232000 1.999375
0.700000 0.000000 0.232000 1.999375


0.750000 0.000000 -0.232000 1.999349
0.750000 0.000000 0.232000 1.999349


0.800000 0.000000 -0.232000 1.999325
0.800000 0.000000 0.232000 1.999325


0.850000 0.000000 -0.232000 1.999302
0.850000 0.000000 0.232000 1.999302


0.900000 0.000000 -0.232000 1.999281
0.900000 0.000000 0.232000 1.999281


0.950000 0.000000 -0.232000 1.999262
0.950000 0.000000 0.232000 1.999262


1.000000 0.000000 -0.232000 1.999244
1.000000 0.000000 0.232000 1.999244


1.050000 0.000000 -0.232000 1.999227
1.050000 0.000000 0.232000 1.999227


1.100000 0.000000 -0.232000 1.999211
1.100000 0.000000 0.232000 1.999211


1.150000 0.000000 -0.232000 1.999196
1.150000 0.000000 0.232000 1.999196


1.200000 0.000000 -0.232000 1.999182
1.200000 0.000000 0.232000 1.999182


1.250000 0.000000 -0.232000 1.999170
1.250000 0.000000 0.232000 1.999170


1.300000 0.000000 -0.232000 1.999158
1.300000 0.000000 0.232000 1.999158


1.350000 0.000000 -0.232000 1.999147
1.350000 0.000000 0.232000 1.999147


1.400000 0.000000 -0.232000 1.999137
1.400000 0.000000 0.232000 1.999137


1.450000 0.000000 -0.232000 1.999127
1.450000 0.000000 0.232000 1.999127


1.500000 0.000000 -0.232000 1.999118
1.500000 0.000000 0.232000 1.999118


1.550000 0.000000 -0.232000 1.999110
1.550000 0.000000 0.232000 1.999110


1.600000 0.000000 -0.232000 1.999103
1.600000 0.000000 0.232000 1.999103


1.650000 0.000000 -0.232000 1.999095
1.650000 0.000000 0.232000 1.999095


1.700000 0.000000 -0.232000 1.999089
1.700000 0.000000 0.232000 1.999089


1.750000 0.000000 -0.232000 1.999083
1.750000 0.000000 0.232000 1.999083


1.800000 0.000000 -0.232000 1.999077
1.800000 0.000000 0.232000 1.999077


1.850000 0.000000 -0.232000 1.999072
1.850000 0.000000 0.232000 1.999072


1.900000 0.000000 -0.232000 1.999067
1.900000 0.000000 0.232000 1.999067


1.950000 0.000000 -0.232000 1.999062
1.950000 0.000000 0.232000 1.999062


2.000000 0.000000 -0.232000 1.999058
2.000000 0.000000 0.232000 1.999058


2.050000 0.008916 -0.232000 1.999068
2.050000 0.008916 0.232000 1.999068


2.100000 0.020660 -0.232000 1.999094
2.100000 0.020660 0.232000 1.999094


2.150000 0.032359 -0.232000 1.999116
2.150000 0.032359 0.232000 1.999116


2.200000 0.044057 -0.232000 1.999129
2.200000 0.044057 0.232000 1.999129


2.250000 0.055755 -0.232000 1.999132
2.250000 0.055755 0.232000 1.999132


2.300000 0.067452 -0.232000 1.999125
2.300000 0.067452 0.232000 1.999125


2.350000 0.079150 -0.232000 1.999107
2.350000 0.079150 0.232000 1.999107


2.400000 0.090848 -0.232000 1.999081
2.400000 0.090848 0.232000 1.999081


2.450000 0.102547 -0.232000 1.999049
2.450000 0.102547 0.232000 1.999049


2.500000 0.114245 -0.232000 1.999014
2.500000 0.114245 0.232000 1.999014


2.550000 0.125944 -0.232000 1.998979
2.550000 0.125944 0.232000 1.998979


2.600000 0.137642 -0.232000 1.998947
2.600000 0.137642 0.232000 1.998947


2.650000 0.149340 -0.232000 1.998922
2.650000 0.149340 0.232000 1.998922


2.700000 0.161038 -0.232000 1.998906
2.700000 0.161038 0.232000 1.998906


2.750000 0.172735 -0.232000 1.998900
2.750000 0.172735 0.232000 1.998900


2.800000 0.184432 -0.232000 1.998905
2.800000 0.184432 0.232000 1.998905


2.850000 0.196129 -0.232000 1.998920
2.850000 0.196129 0.232000 1.998920


2.900000 0.199882 -0.232000 1.998896
2.900000 0.199882 0.232000 1.998896


2.950000 0.199794 -0.232000 1.999008
2.950000 0.199794 0.232000 1.999008


3.000000 0.199800 -0.232000 1.999135
3.000000 0.199800 0.232000 1.999135


3.050000 0.199810 -0.232000 1.999244
3.050000 0.199810 0.232000 1.999244


3.100000 0.199821 -0.232000 1.999325
3.100000 0.199821 0.232000 1.999325


3.150000 0.199830 -0.232000 1.999369
3.150000 0.199830 0.232000 1.999369


3.200000 0.199839 -0.232000 1.999373
3.200000 0.199839 0.232000 1.999373


3.250000 0.199844 -0.232000 1.999336
3.250000 0.199844 0.232000 1.999336


3.300000 0.199847 -0.232000 1.999263
3.300000 0.199847 0.232000 1.999263


3.350000 0.199847 -0.232000 1.999160
3.350000 0.199847 0.232000 1.999160


3.400000 0.199844 -0.232000 1.999038
3.400000 0.199844 0.232000 1.999038


3.450000 0.199839 -0.232000 1.998908
3.450000 0.199839 0.232000 1.998908


3.500000 0.199834 -0.232000 1.998784
3.500000 0.199834 0.232000 1.998784


3.550000 0.199829 -0.232000 1.998678
3.550000 0.199829 0.232000 1.998678


3.600000 0.199824 -0.232000 1.998600
3.600000 0.199824 0.232000 1.998600


3.650000 0.199822 -0.232000 1.998559
3.650000 0.199822 0.232000 1.998559


3.700000 0.199823 -0.232000 1.998557
3.700000 0.199823 0.232000 1.998557


3.750000 0.199825 -0.232000 1.998596
3.750000 0.199825 0.232000 1.998596


3.800000 0.199829 -0.232000 1.998673
3.800000 0.199829 0.232000 1.998673


3.850000 0.199834 -0.232000 1.998779
3.850000 0.199834 0.232000 1.998779


3.900000 0.199838 -0.232000 1.998905
3.900000 0.199838 0.232000 1.998905


3.950000 0.199842 -0.232000 1.999039
3.950000 0.199842 0.232000 1.999039


4.000000 0.199844 -0.232000 1.999167
4.000000 0.199844 0.232000 1.999167


4.050000 0.199844 -0.232000 1.999277
4.050000 0.199844 0.232000 1.999277


4.100000 0.199844 -0.232000 1.999358
4.100000 0.199844 0.232000 1.999358


4.150000 0.199844 -0.232000 1.999404
4.150000 0.199844 0.232000 1.999404


4.200000 0.199845 -0.232000 1.999409
4.200000 0.199845 0.232000 1.999409


4.250000 0.199847 -0.232000 1.999373
4.250000 0.199847 0.232000 1.999373


4.300000 0.199852 -0.232000 1.999299
4.300000 0.199852 0.232000 1.999299


4.350000 0.199859 -0.232000 1.999195
4.350000 0.199859 0.232000 1.999195


4.400000 0.199868 -0.232000 1.999071
4.400000 0.199868 0.232000 1.999071


4.450000 0.199880 -0.232000 1.998938
4.450000 0.199880 0.232000 1.998938


4.500000 0.199891 -0.232000 1.998810
4.500000 0.199891 0.232000 1.998810


4.550000 0.199902 -0.232000 1.998699
4.550000 0.199902 0.232000 1.998699


4.600000 0.199911 -0.232000 1.998617
4.600000 0.199911 0.232000 1.998617


4.650000 0.199918 -0.232000 1.998570
4.650000 0.199918 0.232000 1.998570


4.700000 0.199922 -0.232000 1.998564
4.700000 0.199922 0.232000 1.998564


4.750000 0.199924 -0.232000 1.998600
4.750000 0.199924 0.232000 1.998600


4.800000 0.199924 -0.232000 1.998674
4.800000 0.199924 0.232000 1.998674


4.850000 0.199923 -0.232000 1.998779
4.850000 0.199923 0.232000 1.998779


4.900000 0.199921 -0.232000 1.998904
4.900000 0.199921 0.232000 1.998904


4.950000 0.199921 -0.232000 1.999039
4.950000 0.199921 0.232000 1.999039


5.000000 0.199921 -0.232000 1.999169
5.000000 0.199921 0.232000 1.999169


5.050000 0.199923 -0.232000 1.999281
5.050000 0.199923 0.232000 1.999281


5.100000 0.199926 -0.232000 1.999366
5.100000 0.199926 0.232000 1.999366


5.150000 0.199928 -0.232000 1.999415
5.150000 0.199928 0.232000 1.999415


5.200000 0.199930 -0.232000 1.999422
5.200000 0.199930 0.232000 1.999422


5.250000 0.199929 -0.232000 1.999388
5.250000 0.199929 0.232000 1.999388


5.300000 0.199927 -0.232000 1.999316
5.300000 0.199927 0.232000 1.999316


5.350000 0.199921 -0.232000 1.999212
5.350000 0.199921 0.232000 1.999212


5.400000 0.199913 -0.232000 1.999087
5.400000 0.199913 0.232000 1.999087


5.450000 0.199903 -0.232000 1.998952
5.450000 0.199903 0.232000 1.998952


5.500000 0.199893 -0.232000 1.998822
5.500000 0.199893 0.232000 1.998822


5.550000 0.199883 -0.232000 1.998707
5.550000 0.199883 0.232000 1.998707


5.600000 0.199874 -0.232000 1.998621
5.600000 0.199874 0.232000 1.998621


5.650000 0.199868 -0.232000 1.998570
5.650000 0.199868 0.232000 1.998570


5.700000 0.199865 -0.232000 1.998561
5.700000 0.199865 0.232000 1.998561


5.750000 0.199864 -0.232000 1.998593
5.750000 0.199864 0.232000 1.998593


5.800000 0.199865 -0.232000 1.998665
5.800000 0.199865 0.232000 1.998665


5.850000 0.199867 -0.232000 1.998769
5.850000 0.199867 0.232000 1.998769


5.900000 0.199869 -0.232000 1.998895
5.900000 0.199869 0.232000 1.998895


5.950000 0.199870 -0.232000 1.999031
5.950000 0.199870 0.232000 1.999031


6.000000 0.199870 -0.232000 1.999163
6.000000 0.199870 0.232000 1.999163


6.050000 0.199869 -0.232000 1.999279
6.050000 0.199869 0.232000 1.999279


6.100000 0.199867 -0.232000 1.999368
6.100000 0.199867 0.232000 1.999368


6.150000 0.199865 -0.232000 1.999420
6.150000 0.199865 0.232000 1.999420


6.200000 0.199864 -0.232000 1.999431
6.200000 0.199864 0.232000 1.999431


6.250000 0.199864 -0.232000 1.999399
6.250000 0.199864 0.232000 1.999399


6.300000 0.199868 -0.232000 1.999329
6.300000 0.199868 0.232000 1.999329


6.350000 0.199873 -0.232000 1.999226
6.350000 0.199873 0.232000 1.999226


6.400000 0.199882 -0.232000 1.999100
6.400000 0.199882 0.232000 1.999100


6.450000 0.199892 -0.232000 1.998964
6.450000 0.199892 0.232000 1.998964


6.500000 0.199903 -0.232000 1.998830
6.500000 0.199903 0.232000 1.998830


6.550000 0.199913 -0.232000 1.998713
6.550000 0.199913 0.232000 1.998713


6.600000 0.199922 -0.232000 1.998622
6.600000 0.199922 0.232000 1.998622


6.650000 0.199929 -0.232000 1.998568
6.650000 0.199929 0.232000 1.998568


6.700000 0.199933 -0.232000 1.998555
6.700000 0.199933 0.232000 1.998555


6.750000 0.199934 -0.232000 1.998585
6.750000 0.199934 0.232000 1.998585


6.800000 0.199933 -0.232000 1.998654
6.800000 0.199933 0.232000 1.998654


6.850000 0.199932 -0.232000 1.998758
6.850000 0.199932 0.232000 1.998758


6.900000 0.199930 -0.232000 1.998884
6.900000 0.199930 0.232000 1.998884


6.950000 0.199928 -0.232000 1.999021
6.950000 0.199928 0.232000 1.999021


7.000000 0.199928 -0.232000 1.999156
7.000000 0.199928 0.232000 1.999156


7.050000 0.199929 -0.232000 1.999275
7.050000 0.199929 0.232000 1.999275


7.100000 0.199931 -0.232000 1.999367
7.100000 0.199931 0.232000 1.999367


7.150000 0.199934 -0.232000 1.999423
7.150000 0.199934 0.232000 1.999423


7.200000 0.199935 -0.232000 1.999438
7.200000 0.199935 0.232000 1.999438


7.250000 0.199935 -0.232000 1.999409
7.250000 0.199935 0.232000 1.999409


7.300000 0.199932 -0.232000 1.999340
7.300000 0.199932 0.232000 1.999340


7.350000 0.199926 -0.232000 1.999238
7.350000 0.199926 0.232000 1.999238


7.400000 0.199918 -0.232000 1.999112
7.400000 0.199918 0.232000 1.999112


7.450000 0.199908 -0.232000 1.998974
7.450000 0.199908 0.232000 1.998974


7.500000 0.199897 -0.232000 1.998838
7.500000 0.199897 0.232000 1.998838


7.550000 0.199886 -0.232000 1.998717
7.550000 0.199886 0.232000 1.998717


7.600000 0.199877 -0.232000 1.998623
7.600000 0.199877 0.232000 1.998623


7.650000 0.199870 -0.232000 1.998565
7.650000 0.199870 0.232000 1.998565


7.700000 0.199866 -0.232000 1.998548
7.700000 0.199866 0.232000 1.998548


7.750000 0.199864 -0.232000 1.998575
7.750000 0.199864 0.232000 1.998575


7.800000 0.199865 -0.232000 1.998643
7.800000 0.199865 0.232000 1.998643


7.850000 0.199867 -0.232000 1.998745
7.850000 0.199867 0.232000 1.998745


7.900000 0.199869 -0.232000 1.998872
7.900000 0.199869 0.232000 1.998872


7.950000 0.199871 -0.232000 1.999010
7.950000 0.199871 0.232000 1.999010


8.000000 0.199871 -0.232000 1.999148
8.000000 0.199871 0.232000 1.999148


8.050000 0.199870 -0.232000 1.999270
8.050000 0.199870 0.232000 1.999270


8.100000 0.199868 -0.232000 1.999366
8.100000 0.199868 0.232000 1.999366


8.150000 0.199865 -0.232000 1.999426
8.150000 0.199865 0.232000 1.999426


8.200000 0.199864 -0.232000 1.999444
8.200000 0.199864 0.232000 1.999444


8.250000 0.199864 -0.232000 1.999418
8.250000 0.199864 0.232000 1.999418


8.300000 0.199867 -0.232000 1.999352
8.300000 0.199867 0.232000 1.999352


8.350000 0.199872 -0.232000 1.999250
8.350000 0.199872 0.232000 1.999250


8.400000 0.199880 -0.232000 1.999124
8.400000 0.199880 0.232000 1.999124


8.450000 0.199891 -0.232000 1.998985
8.450000 0.199891 0.232000 1.998985


8.500000 0.199902 -0.232000 1.998847
8.500000 0.199902 0.232000 1.998847


8.550000 0.199913 -0.232000 1.998722
8.550000 0.199913 0.232000 1.998722


8.600000 0.199922 -0.232000 1.998624
8.600000 0.199922 0.232000 1.998624


8.650000 0.199930 -0.232000 1.998562
8.650000 0.199930 0.232000 1.998562


8.700000 0.199934 -0.232000 1.998542
8.700000 0.199934 0.232000 1.998542


8.750000 0.199936 -0.232000 1.998566
8.750000 0.199936 0.232000 1.998566


8.800000 0.199935 -0.232000 1.998631
8.800000 0.199935 0.232000 1.998631


8.850000 0.199933 -0.232000 1.998732
8.850000 0.199933 0.232000 1.998732


8.900000 0.199931 -0.232000 1.998859
8.900000 0.199931 0.232000 1.998859


8.950000 0.199929 -0.232000 1.998999
8.950000 0.199929 0.232000 1.998999


9.000000 0.199929 -0.232000 1.999139
9.000000 0.199929 0.232000 1.999139


9.050000 0.199930 -0.232000 1.999265
9.050000 0.199930 0.232000 1.999265


9.100000 0.199932 -0.232000 1.999365
9.100000 0.199932 0.232000 1.999365


9.150000 0.199935 -0.232000 1.999428
9.150000 0.199935 0.232000 1.999428


9.200000 0.199936 -0.232000 1.999450
9.200000 0.199936 0.232000 1.999450


9.250000 0.199936 -0.232000 1.999428
9.250000 0.199936 0.232000 1.999428


9.300000 0.199934 -0.232000 1.999363
9.300000 0.199934 0.232000 1.999363


9.350000 0.199928 -0.232000 1.999263
9.350000 0.199928 0.232000 1.999263


9.400000 0.199920 -0.232000 1.999136
9.400000 0.199920 0.232000 1.999136


9.450000 0.199910 -0.232000 1.998996
9.450000 0.199910 0.232000 1.998996


9.500000 0.199899 -0.232000 1.998855
9.500000 0.199899 0.232000 1.998855


9.550000 0.199887 -0.232000 1.998728
9.550000 0.199887 0.232000 1.998728


9.600000 0.199877 -0.232000 1.998626
9.600000 0.199877 0.232000 1.998626


9.650000 0.199870 -0.232000 1.998559
9.650000 0.199870 0.232000 1.998559


9.700000 0.199865 -0.232000 1.998535
9.700000 0.199865 0.232000 1.998535


9.750000 0.199863 -0.232000 1.998556
9.750000 0.199863 0.232000 1.998556


9.800000 0.199864 -0.232000 1.998620
9.800000 0.199864 0.232000 1.998620


9.850000 0.199865 -0.232000 1.998720
9.850000 0.199865 0.232000 1.998720


9.900000 0.199868 -0.232000 1.998846
9.900000 0.199868 0.232000 1.998846


9.950000 0.199870 -0.232000 1.998988
9.950000 0.199870 0.232000 1.998988


10.000000 0.199870 -0.232000 1.999130
10.000000 0.199870 0.232000 1.999130


10.050000 0.199869 -0.232000 1.999259
10.050000 0.199869 0.232000 1.999259


10.100000 0.199867 -0.232000 1.999363
10.100000 0.199867 0.232000 1.999363


10.150000 0.199865 -0.232000 1.999430
10.150000 0.199865 0.232000 1.999430


10.200000 0.199863 -0.232000 1.999456
10.200000 0.199863 0.232000 1.999456


10.250000 0.199863 -0.232000 1.999437
10.250000 0.199863 0.232000 1.999437


10.300000 0.199865 -0.232000 1.999375
10.300000 0.199865 0.232000 1.999375


10.350000 0.199870 -0.232000 1.999276
10.350000 0.199870 0.232000 1.999276


10.400000 0.199878 -0.232000 1.999149
10.400000 0.199878 0.232000 1.999149


10.450000 0.199889 -0.232000 1.999007
10.450000 0.199889 0.232000 1.999007


10.500000 0.199900 -0.232000 1.998864
10.500000 0.199900 0.232000 1.998864


10.550000 0.199912 -0.232000 1.998733
10.550000 0.199912 0.232000 1.998733


10.600000 0.199922 -0.232000 1.998627
10.600000 0.199922 0.232000 1.998627


10.650000 0.199930 -0.232000 1.998557
10.650000 0.199930 0.232000 1.998557


10.700000 0.199935 -0.232000 1.998529
10.700000 0.199935 0.232000 1.998529


10.750000 0.199937 -0.232000 1.998547
10.750000 0.199937 0.232000 1.998547


10.800000 0.199937 -0.232000 1.998608
10.800000 0.199937 0.232000 1.998608


10.850000 0.199935 -0.232000 1.998706
10.850000 0.199935 0.232000 1.998706


10.900000 0.199933 -0.232000 1.998833
10.900000 0.199933 0.232000 1.998833


10.950000 0.199931 -0.232000 1.998976
10.950000 0.199931 0.232000 1.998976


11.000000 0.199930 -0.232000 1.999121
11.000000 0.199930 0.232000 1.999121


11.050000 0.199931 -0.232000 1.999253
11.050000 0.199931 0.232000 1.999253


11.100000 0.199933 -0.232000 1.999360
11.100000 0.199933 0.232000 1.999360


11.150000 0.199935 -0.232000 1.999432
11.150000 0.199935 0.232000 1.999432


11.200000 0.199937 -0.232000 1.999462
11.200000 0.199937 0.232000 1.999462


11.250000 0.199938 -0.232000 1.999446
11.250000 0.199938 0.232000 1.999446


11.300000 0.199935 -0.232000 1.999386
11.300000 0.199935 0.232000 1.999386


11.350000 0.199930 -0.232000 1.999288
11.350000 0.199930 0.232000 1.999288


11.400000 0.199922 -0.232000 1.999162
11.400000 0.199922 0.232000 1.999162


11.450000 0.199912 -0.232000 1.999019
11.450000 0.199912 0.232000 1.999019


11.500000 0.199900 -0.232000 1.998873
11.500000 0.199900 0.232000 1.998873


11.550000 0.199889 -0.232000 1.998739
11.550000 0.199889 0.232000 1.998739


11.600000 0.199878 -0.232000 1.998630
11.600000 0.199878 0.232000 1.998630


11.650000 0.199870 -0.232000 1.998555
11.650000 0.199870 0.232000 1.998555


11.700000 0.199864 -0.232000 1.998523
11.700000 0.199864 0.232000 1.998523


11.750000 0.199862 -0.232000 1.998537
11.750000 0.199862 0.232000 1.998537


11.800000 0.199862 -0.232000 1.998596
11.800000 0.199862 0.232000 1.998596


11.850000 0.199864 -0.232000 1.998693
11.850000 0.199864 0.232000 1.998693


11.900000 0.199866 -0.232000 1.998820
11.900000 0.199866 0.232000 1.998820


11.950000 0.199868 -0.232000 1.998964
11.950000 0.199868 0.232000 1.998964


12.000000 0.199869 -0.232000 1.999111
12.000000 0.199869 0.232000 1.999111


12.050000 0.199868 -0.232000 1.999246
12.050000 0.199868 0.232000 1.999246


12.100000 0.199867 -0.232000 1.999358
12.100000 0.199867 0.232000 1.999358


12.150000 0.199864 -0.232000 1.999434
12.150000 0.199864 0.232000 1.999434


12.200000 0.199862 -0.232000 1.999467
12.200000 0.199862 0.232000 1.999467


12.250000 0.199861 -0.232000 1.999455
12.250000 0.199861 0.232000 1.999455


12.300000 0.199863 -0.232000 1.999398
12.300000 0.199863 0.232000 1.999398


12.350000 0.199868 -0.232000 1.999302
12.350000 0.199868 0.232000 1.999302


12.400000 0.199876 -0.232000 1.999175
12.400000 0.199876 0.232000 1.999175


12.450000 0.199887 -0.232000 1.999031
12.450000 0.199887 0.232000 1.999031


12.500000 0.199898 -0.232000 1.998883
12.500000 0.199898 0.232000 1.998883


12.550000 0.199910 -0.232000 1.998746
12.550000 0.199910 0.232000 1.998746


12.600000 0.199921 -0.232000 1.998632
12.600000 0.199921 0.232000 1.998632


12.650000 0.199930 -0.232000 1.998554
12.650000 0.199930 0.232000 1.998554


12.700000 0.199936 -0.232000 1.998518
12.700000 0.199936 0.232000 1.998518


12.750000 0.199938 -0.232000 1.998528
12.750000 0.199938 0.232000 1.998528


12.800000 0.199938 -0.232000 1.998584
12.800000 0.199938 0.232000 1.998584


12.850000 0.199937 -0.232000 1.998680
12.850000 0.199937 0.232000 1.998680


12.900000 0.199934 -0.232000 1.998806
12.900000 0.199934 0.232000 1.998806


12.950000 0.199932 -0.232000 1.998951
12.950000 0.199932 0.232000 1.998951


13.000000 0.199931 -0.232000 1.999100
13.000000 0.199931 0.232000 1.999100


13.050000 0.199931 -0.232000 1.999239
13.050000 0.199931 0.232000 1.999239


13.100000 0.199933 -0.232000 1.999355
13.100000 0.199933 0.232000 1.999355


13.150000 0.199936 -0.232000 1.999435
13.150000 0.199936 0.232000 1.999435


13.200000 0.199938 -0.232000 1.999473
13.200000 0.199938 0.232000 1.999473


13.250000 0.199939 -0.232000 1.999464
13.250000 0.199939 0.232000 1.999464


13.300000 0.199937 -0.232000 1.999410
13.300000 0.199937 0.232000 1.999410


13.350000 0.199932 -0.232000 1.999315
13.350000 0.199932 0.232000 1.999315


13.400000 0.199924 -0.232000 1.999189
13.400000 0.199924 0.232000 1.999189


13.450000 0.199914 -0.232000 1.999044
13.450000 0.199914 0.232000 1.999044


13.500000 0.199902 -0.232000 1.998893
13.500000 0.199902 0.232000 1.998893


13.550000 0.199890 -0.232000 1.998753
13.550000 0.199890 0.232000 1.998753


13.600000 0.199879 -0.232000 1.998635
13.600000 0.199879 0.232000 1.998635


13.650000 0.199870 -0.232000 1.998552
13.650000 0.199870 0.232000 1.998552


13.700000 0.199863 -0.232000 1.998512
13.700000 0.199863 0.232000 1.998512


13.750000 0.199860 -0.232000 1.998519
13.750000 0.199860 0.232000 1.998519


13.800000 0.199860 -0.232000 1.998572
13.800000 0.199860 0.232000 1.998572


13.850000 0.199862 -0.232000 1.998666
13.850000 0.199862 0.232000 1.998666


13.900000 0.199865 -0.232000 1.998792
13.900000 0.199865 0.232000 1.998792


13.950000 0.199867 -0.232000 1.998938
13.950000 0.199867 0.232000 1.998938


14.000000 0.199868 -0.232000 1.999090
14.000000 0.199868 0.232000 1.999090


