0.000000 0.232000 0.000000 2.000000
0.000000 -0.232000 0.000000 2.000000


0.050000 0.232000 0.000000 1.999956
0.050000 -0.232000 0.000000 1.999956


0.100000 0.232000 0.000000 1.999892
0.100000 -0.232000 0.000000 1.999892


0.150000 0.232000 0.000000 1.999830
0.150000 -0.232000 0.000000 1.999830


0.200000 0.232000 0.000000 1.999772
0.200000 -0.232000 0.000000 1.999772


0.250000 0.232000 0.000000 1.999718
0.250000 -0.232000 0.000000 1.999718


0.300000 0.232000 0.000000 1.999668
0.300000 -0.232000 0.000000 1.999668


0.350000 0.232000 0.000000 1.999622
0.350000 -0.232000 0.000000 1.999622


0.400000 0.232000 0.000000 1.999579
0.400000 -0.232000 0.000000 1.999579


0.450000 0.232000 0.000000 1.999538
0.450000 -0.232000 0.000000 1.999538


0.500000 0.232000 0.000000 1.999501
0.500000 -0.232000 0.000000 1.999501


0.550000 0.232000 0.000000 1.999466
0.550000 -0.232000 0.000000 1.999466


0.600000 0.232000 0.000000 1.999434
0.600000 -0.232000 0.000000 1.999434


0.650000 0.232000 0.000000 1.999403
0.650000 -0.232000 0.000000 1.999403


0.700000 0.232000 0.000000 1.999375
0.700000 -0.232000 0.000000 1.999375


0.750000 0.232000 0.000000 1.999349
0.750000 -0.232000 0.000000 1.999349


0.800000 0.232000 0.000000 1.999325
0.800000 -0.232000 0.000000 1.999325


0.850000 0.232000 0.000000 1.999302
0.850000 -0.232000 0.000000 1.999302


0.900000 0.232000 0.000000 1.999281
0.900000 -0.232000 0.000000 1.999281


0.950000 0.232000 0.000000 1.999262
0.950000 -0.232000 0.000000 1.999262


1.000000 0.232000 0.000000 1.999244
1.000000 -0.232000 0.000000 1.999244


1.050000 0.232000 0.000000 1.999227
1.050000 -0.232000 0.000000 1.999227


1.100000 0.232000 0.000000 1.999211
1.100000 -0.232000 0.000000 1.999211


1.150000 0.232000 0.000000 1.999196
1.150000 -0.232000 0.000000 1.999196


1.200000 0.232000 0.000000 1.999182
1.200000 -0.232000 0.000000 1.999182


1.250000 0.232000 0.000000 1.999170
1.250000 -0.232000 0.000000 1.999170


1.300000 0.232000 0.000000 1.999158
1.300000 -0.232000 0.000000 1.999158


1.350000 0.232000 0.000000 1.999147
1.350000 -0.232000 0.000000 1.999147


1.400000 0.232000 0.000000 1.999137
1.400000 -0.232000 0.000000 1.999137


1.450000 0.232000 0.000000 1.999127
1.450000 -0.232000 0.000000 1.999127


1.500000 0.232000 0.000000 1.999118
1.500000 -0.232000 0.000000 1.999118


1.550000 0.232000 0.000000 1.999110
1.550000 -0.232000 0.000000 1.999110


1.600000 0.232000 0.000000 1.999103
1.600000 -0.232000 0.000000 1.999103


1.650000 0.232000 0.000000 1.999095
1.650000 -0.232000 0.000000 1.999095


1.700000 0.232000 0.000000 1.999089
1.700000 -0.232000 0.000000 1.999089


1.750000 0.232000 0.000000 1.999083
1.750000 -0.232000 0.000000 1.999083


1.800000 0.232000 0.000000 1.999077
1.800000 -0.232000 0.000000 1.999077


1.850000 0.232000 0.000000 1.999072
1.850000 -0.232000 0.000000 1.999072


1.900000 0.232000 0.000000 1.999067
1.900000 -0.232000 0.000000 1.999067


1.950000 0.232000 0.000000 1.999062
1.950000 -0.232000 0.000000 1.999062


2.000000 0.232000 0.000000 1.999058
2.000000 -0.232000 0.000000 1.999058


2.050000 0.240916 0.000000 2.003060
2.050000 -0.223084 0.000000 1.995075


2.100000 0.252660 0.000000 1.997674
2.100000 -0.211340 0.000000 2.000514


2.150000 0.264359 0.000000 1.996808
2.150000 -0.199641 0.000000 2.001424


2.200000 0.276057 0.000000 1.996070
2.200000 -0.187943 0.000000 2.002188


2.250000 0.287755 0.000000 1.995402
2.250000 -0.176245 0.000000 2.002862


2.300000 0.299452 0.000000 1.994819
2.300000 -0.164548 0.000000 2.003430


2.350000 0.311150 0.000000 1.994332
2.350000 -0.152850 0.000000 2.003882


2.400000 0.322848 0.000000 1.993955
2.400000 -0.141152 0.000000 2.004207


2.450000 0.334547 0.000000 1.993696
2.450000 -0.129453 0.000000 2.004402


2.500000 0.346245 0.000000 1.993562
2.500000 -0.117755 0.000000 2.004465


2.550000 0.357944 0.000000 1.993559
2.550000 -0.106056 0.000000 2.004398


2.600000 0.369642 0.000000 1.993688
2.600000 -0.094358 0.000000 2.004205


2.650000 0.381340 0.000000 1.993951
2.650000 -0.082660 0.000000 2.003893


2.700000 0.393038 0.000000 1.994342
2.700000 -0.070962 0.000000 2.003469


2.750000 0.404735 0.000000 1.994855
2.750000 -0.059265 0.000000 2.002944


2.800000 0.416432 0.000000 1.995480
2.800000 -0.047568 0.000000 2.002329


2.850000 0.428129 0.000000 1.996202
2.850000 -0.035871 0.000000 2.001637


2.900000 0.431882 0.000000 1.988954
2.900000 -0.032118 0.000000 2.008837


2.950000 0.431794 0.000000 1.999120
2.950000 -0.032206 0.000000 1.998896


3.000000 0.431800 0.000000 2.001159
3.000000 -0.032200 0.000000 1.997111


3.050000 0.431810 0.000000 2.002929
3.050000 -0.032190 0.000000 1.995559


3.100000 0.431821 0.000000 2.004553
3.100000 -0.032179 0.000000 1.994096


3.150000 0.431830 0.000000 2.005988
3.150000 -0.032170 0.000000 1.992750


3.200000 0.431839 0.000000 2.007197
3.200000 -0.032161 0.000000 1.991549


3.250000 0.431844 0.000000 2.008154
3.250000 -0.032156 0.000000 1.990518


3.300000 0.431847 0.000000 2.008849
3.300000 -0.032153 0.000000 1.989676


3.350000 0.431847 0.000000 2.009282
3.350000 -0.032153 0.000000 1.989038


3.400000 0.431844 0.000000 2.009460
3.400000 -0.032156 0.000000 1.988616


3.450000 0.431839 0.000000 2.009397
3.450000 -0.032161 0.000000 1.988420


3.500000 0.431834 0.000000 2.009108
3.500000 -0.032166 0.000000 1.988461


3.550000 0.431829 0.000000 2.008608
3.550000 -0.032171 0.000000 1.988748


3.600000 0.431824 0.000000 2.007912
3.600000 -0.032176 0.000000 1.989288


3.650000 0.431822 0.000000 2.007033
3.650000 -0.032178 0.000000 1.990084


3.700000 0.431823 0.000000 2.005982
3.700000 -0.032177 0.000000 1.991132


3.750000 0.431825 0.000000 2.004776
3.750000 -0.032175 0.000000 1.992417


3.800000 0.431829 0.000000 2.003432
3.800000 -0.032171 0.000000 1.993914


3.850000 0.431834 0.000000 2.001975
3.850000 -0.032166 0.000000 1.995584


3.900000 0.431838 0.000000 2.000435
3.900000 -0.032162 0.000000 1.997376


3.950000 0.431842 0.000000 1.998848
3.950000 -0.032158 0.000000 1.999229


4.000000 0.431844 0.000000 1.997254
4.000000 -0.032156 0.000000 2.001079


4.050000 0.431844 0.000000 1.995697
4.050000 -0.032156 0.000000 2.002857


4.100000 0.431844 0.000000 1.994215
4.100000 -0.032156 0.000000 2.004502


4.150000 0.431844 0.000000 1.992847
4.150000 -0.032156 0.000000 2.005961


4.200000 0.431845 0.000000 1.991624
4.200000 -0.032155 0.000000 2.007194


4.250000 0.431847 0.000000 1.990571
4.250000 -0.032153 0.000000 2.008175


4.300000 0.431852 0.000000 1.989706
4.300000 -0.032148 0.000000 2.008892


4.350000 0.431859 0.000000 1.989045
4.350000 -0.032141 0.000000 2.009345


4.400000 0.431868 0.000000 1.988601
4.400000 -0.032132 0.000000 2.009540


4.450000 0.431880 0.000000 1.988384
4.450000 -0.032120 0.000000 2.009493


4.500000 0.431891 0.000000 1.988404
4.500000 -0.032109 0.000000 2.009217


4.550000 0.431902 0.000000 1.988670
4.550000 -0.032098 0.000000 2.008728


4.600000 0.431911 0.000000 1.989192
4.600000 -0.032089 0.000000 2.008042


4.650000 0.431918 0.000000 1.989971
4.650000 -0.032082 0.000000 2.007170


4.700000 0.431922 0.000000 1.991004
4.700000 -0.032078 0.000000 2.006125


4.750000 0.431924 0.000000 1.992278
4.750000 -0.032076 0.000000 2.004922


4.800000 0.431924 0.000000 1.993768
4.800000 -0.032076 0.000000 2.003579


4.850000 0.431923 0.000000 1.995437
4.850000 -0.032077 0.000000 2.002120


4.900000 0.431921 0.000000 1.997234
4.900000 -0.032079 0.000000 2.000575


4.950000 0.431921 0.000000 1.999098
4.950000 -0.032079 0.000000 1.998979


5.000000 0.431921 0.000000 2.000963
5.000000 -0.032079 0.000000 1.997374


5.050000 0.431923 0.000000 2.002761
5.050000 -0.032077 0.000000 1.995801


5.100000 0.431926 0.000000 2.004430
5.100000 -0.032074 0.000000 1.994303


5.150000 0.431928 0.000000 2.005914
5.150000 -0.032072 0.000000 1.992916


5.200000 0.431930 0.000000 2.007173
5.200000 -0.032070 0.000000 1.991672


5.250000 0.431929 0.000000 2.008179
5.250000 -0.032071 0.000000 1.990598


5.300000 0.431927 0.000000 2.008920
5.300000 -0.032073 0.000000 1.989712


5.350000 0.431921 0.000000 2.009394
5.350000 -0.032079 0.000000 1.989031


5.400000 0.431913 0.000000 2.009609
5.400000 -0.032087 0.000000 1.988566


5.450000 0.431903 0.000000 2.009577
5.450000 -0.032097 0.000000 1.988328


5.500000 0.431893 0.000000 2.009315
5.500000 -0.032107 0.000000 1.988328


5.550000 0.431883 0.000000 2.008839
5.550000 -0.032117 0.000000 1.988576


5.600000 0.431874 0.000000 2.008163
5.600000 -0.032126 0.000000 1.989079


5.650000 0.431868 0.000000 2.007299
5.650000 -0.032132 0.000000 1.989841


5.700000 0.431865 0.000000 2.006261
5.700000 -0.032135 0.000000 1.990860


5.750000 0.431864 0.000000 2.005063
5.750000 -0.032136 0.000000 1.992124


5.800000 0.431865 0.000000 2.003722
5.800000 -0.032135 0.000000 1.993609


5.850000 0.431867 0.000000 2.002262
5.850000 -0.032133 0.000000 1.995277


5.900000 0.431869 0.000000 2.000712
5.900000 -0.032131 0.000000 1.997079


5.950000 0.431870 0.000000 1.999108
5.950000 -0.032130 0.000000 1.998954


6.000000 0.431870 0.000000 1.997491
6.000000 -0.032130 0.000000 2.000835


6.050000 0.431869 0.000000 1.995904
6.050000 -0.032131 0.000000 2.002654


6.100000 0.431867 0.000000 1.994388
6.100000 -0.032133 0.000000 2.004347


6.150000 0.431865 0.000000 1.992982
6.150000 -0.032135 0.000000 2.005857


6.200000 0.431864 0.000000 1.991719
6.200000 -0.032136 0.000000 2.007143


6.250000 0.431864 0.000000 1.990623
6.250000 -0.032136 0.000000 2.008175


6.300000 0.431868 0.000000 1.989717
6.300000 -0.032132 0.000000 2.008941


6.350000 0.431873 0.000000 1.989014
6.350000 -0.032127 0.000000 2.009437


6.400000 0.431882 0.000000 1.988529
6.400000 -0.032118 0.000000 2.009671


6.450000 0.431892 0.000000 1.988271
6.450000 -0.032108 0.000000 2.009657


6.500000 0.431903 0.000000 1.988251
6.500000 -0.032097 0.000000 2.009410


6.550000 0.431913 0.000000 1.988479
6.550000 -0.032087 0.000000 2.008946


6.600000 0.431922 0.000000 1.988964
6.600000 -0.032078 0.000000 2.008280


6.650000 0.431929 0.000000 1.989710
6.650000 -0.032071 0.000000 2.007426


6.700000 0.431933 0.000000 1.990715
6.700000 -0.032067 0.000000 2.006395


6.750000 0.431934 0.000000 1.991968
6.750000 -0.032066 0.000000 2.005201


6.800000 0.431933 0.000000 1.993446
6.800000 -0.032067 0.000000 2.003863


6.850000 0.431932 0.000000 1.995113
6.850000 -0.032068 0.000000 2.002402


6.900000 0.431930 0.000000 1.996920
6.900000 -0.032070 0.000000 2.000848


6.950000 0.431928 0.000000 1.998806
6.950000 -0.032072 0.000000 1.999237


7.000000 0.431928 0.000000 2.000703
7.000000 -0.032072 0.000000 1.997609


7.050000 0.431929 0.000000 2.002543
7.050000 -0.032071 0.000000 1.996007


7.100000 0.431931 0.000000 2.004260
7.100000 -0.032069 0.000000 1.994474


7.150000 0.431934 0.000000 2.005797
7.150000 -0.032066 0.000000 1.993049


7.200000 0.431935 0.000000 2.007110
7.200000 -0.032065 0.000000 1.991765


7.250000 0.431935 0.000000 2.008169
7.250000 -0.032065 0.000000 1.990649


7.300000 0.431932 0.000000 2.008959
7.300000 -0.032068 0.000000 1.989722


7.350000 0.431926 0.000000 2.009478
7.350000 -0.032074 0.000000 1.988998


7.400000 0.431918 0.000000 2.009732
7.400000 -0.032082 0.000000 1.988492


7.450000 0.431908 0.000000 2.009735
7.450000 -0.032092 0.000000 1.988213


7.500000 0.431897 0.000000 2.009503
7.500000 -0.032103 0.000000 1.988173


7.550000 0.431886 0.000000 2.009052
7.550000 -0.032114 0.000000 1.988382


7.600000 0.431877 0.000000 2.008398
7.600000 -0.032123 0.000000 1.988848


7.650000 0.431870 0.000000 2.007552
7.650000 -0.032130 0.000000 1.989577


7.700000 0.431866 0.000000 2.006529
7.700000 -0.032134 0.000000 1.990568


7.750000 0.431864 0.000000 2.005340
7.750000 -0.032136 0.000000 1.991810


7.800000 0.431865 0.000000 2.004005
7.800000 -0.032135 0.000000 1.993282


7.850000 0.431867 0.000000 2.002543
7.850000 -0.032133 0.000000 1.994947


7.900000 0.431869 0.000000 2.000986
7.900000 -0.032131 0.000000 1.996758


7.950000 0.431871 0.000000 1.999367
7.950000 -0.032129 0.000000 1.998654


8.000000 0.431871 0.000000 1.997728
8.000000 -0.032129 0.000000 2.000567


8.050000 0.431870 0.000000 1.996112
8.050000 -0.032130 0.000000 2.002428


8.100000 0.431868 0.000000 1.994563
8.100000 -0.032132 0.000000 2.004169


8.150000 0.431865 0.000000 1.993119
8.150000 -0.032135 0.000000 2.005733


8.200000 0.431864 0.000000 1.991814
8.200000 -0.032136 0.000000 2.007074


8.250000 0.431864 0.000000 1.990677
8.250000 -0.032136 0.000000 2.008160


8.300000 0.431867 0.000000 1.989728
8.300000 -0.032133 0.000000 2.008975


8.350000 0.431872 0.000000 1.988984
8.350000 -0.032128 0.000000 2.009517


8.400000 0.431880 0.000000 1.988456
8.400000 -0.032120 0.000000 2.009792


8.450000 0.431891 0.000000 1.988157
8.450000 -0.032109 0.000000 2.009813


8.500000 0.431902 0.000000 1.988097
8.500000 -0.032098 0.000000 2.009596


8.550000 0.431913 0.000000 1.988286
8.550000 -0.032087 0.000000 2.009159


8.600000 0.431922 0.000000 1.988733
8.600000 -0.032078 0.000000 2.008515


8.650000 0.431930 0.000000 1.989445
8.650000 -0.032070 0.000000 2.007679


8.700000 0.431934 0.000000 1.990420
8.700000 -0.032066 0.000000 2.006663


8.750000 0.431936 0.000000 1.991651
8.750000 -0.032064 0.000000 2.005481


8.800000 0.431935 0.000000 1.993115
8.800000 -0.032065 0.000000 2.004148


8.850000 0.431933 0.000000 1.994779
8.850000 -0.032067 0.000000 2.002686


8.900000 0.431931 0.000000 1.996593
8.900000 -0.032069 0.000000 2.001125


8.950000 0.431929 0.000000 1.998499
8.950000 -0.032071 0.000000 1.999499


9.000000 0.431929 0.000000 2.000428
9.000000 -0.032071 0.000000 1.997850


9.050000 0.431930 0.000000 2.002310
9.050000 -0.032070 0.000000 1.996220


9.100000 0.431932 0.000000 2.004076
9.100000 -0.032068 0.000000 1.994653


9.150000 0.431935 0.000000 2.005667
9.150000 -0.032065 0.000000 1.993190


9.200000 0.431936 0.000000 2.007035
9.200000 -0.032064 0.000000 1.991865


9.250000 0.431936 0.000000 2.008148
9.250000 -0.032064 0.000000 1.990707


9.300000 0.431934 0.000000 2.008990
9.300000 -0.032066 0.000000 1.989737


9.350000 0.431928 0.000000 2.009555
9.350000 -0.032072 0.000000 1.988971


9.400000 0.431920 0.000000 2.009851
9.400000 -0.032080 0.000000 1.988422


9.450000 0.431910 0.000000 2.009890
9.450000 -0.032090 0.000000 1.988102


9.500000 0.431899 0.000000 2.009689
9.500000 -0.032101 0.000000 1.988021


9.550000 0.431887 0.000000 2.009265
9.550000 -0.032113 0.000000 1.988190


9.600000 0.431877 0.000000 2.008633
9.600000 -0.032123 0.000000 1.988618


9.650000 0.431870 0.000000 2.007807
9.650000 -0.032130 0.000000 1.989312


9.700000 0.431865 0.000000 2.006799
9.700000 -0.032135 0.000000 1.990272


9.750000 0.431863 0.000000 2.005622
9.750000 -0.032137 0.000000 1.991491


9.800000 0.431864 0.000000 2.004292
9.800000 -0.032136 0.000000 1.992947


9.850000 0.431865 0.000000 2.002831
9.850000 -0.032135 0.000000 1.994608


9.900000 0.431868 0.000000 2.001267
9.900000 -0.032132 0.000000 1.996426


9.950000 0.431870 0.000000 1.999634
9.950000 -0.032130 0.000000 1.998342


10.000000 0.431870 0.000000 1.997974
10.000000 -0.032130 0.000000 2.000286


10.050000 0.431869 0.000000 1.996330
10.050000 -0.032131 0.000000 2.002188


10.100000 0.431867 0.000000 1.994746
10.100000 -0.032133 0.000000 2.003979


10.150000 0.431865 0.000000 1.993264
10.150000 -0.032135 0.000000 2.005597


10.200000 0.431863 0.000000 1.991919
10.200000 -0.032137 0.000000 2.006993


10.250000 0.431863 0.000000 1.990739
10.250000 -0.032137 0.000000 2.008135


10.300000 0.431865 0.000000 1.989747
10.300000 -0.032135 0.000000 2.009002


10.350000 0.431870 0.000000 1.988959
10.350000 -0.032130 0.000000 2.009592


10.400000 0.431878 0.000000 1.988389
10.400000 -0.032122 0.000000 2.009909


10.450000 0.431889 0.000000 1.988048
10.450000 -0.032111 0.000000 2.009967


10.500000 0.431900 0.000000 1.987946
10.500000 -0.032100 0.000000 2.009782


10.550000 0.431912 0.000000 1.988095
10.550000 -0.032088 0.000000 2.009372


10.600000 0.431922 0.000000 1.988503
10.600000 -0.032078 0.000000 2.008751


10.650000 0.431930 0.000000 1.989179
10.650000 -0.032070 0.000000 2.007935


10.700000 0.431935 0.000000 1.990124
10.700000 -0.032065 0.000000 2.006935


10.750000 0.431937 0.000000 1.991329
10.750000 -0.032063 0.000000 2.005764


10.800000 0.431937 0.000000 1.992778
10.800000 -0.032063 0.000000 2.004438


10.850000 0.431935 0.000000 1.994435
10.850000 -0.032065 0.000000 2.002978


10.900000 0.431933 0.000000 1.996256
10.900000 -0.032067 0.000000 2.001410


10.950000 0.431931 0.000000 1.998181
10.950000 -0.032069 0.000000 1.999771


11.000000 0.431930 0.000000 2.000141
11.000000 -0.032070 0.000000 1.998100


11.050000 0.431931 0.000000 2.002064
11.050000 -0.032069 0.000000 1.996442


11.100000 0.431933 0.000000 2.003879
11.100000 -0.032067 0.000000 1.994842


11.150000 0.431935 0.000000 2.005524
11.150000 -0.032065 0.000000 1.993340


11.200000 0.431937 0.000000 2.006949
11.200000 -0.032063 0.000000 1.991974


11.250000 0.431938 0.000000 2.008119
11.250000 -0.032062 0.000000 1.990773


11.300000 0.431935 0.000000 2.009013
11.300000 -0.032065 0.000000 1.989759


11.350000 0.431930 0.000000 2.009627
11.350000 -0.032070 0.000000 1.988950


11.400000 0.431922 0.000000 2.009966
11.400000 -0.032078 0.000000 1.988358


11.450000 0.431912 0.000000 2.010043
11.450000 -0.032088 0.000000 1.987995


11.500000 0.431900 0.000000 2.009874
11.500000 -0.032100 0.000000 1.987873


11.550000 0.431889 0.000000 2.009478
11.550000 -0.032111 0.000000 1.988000


11.600000 0.431878 0.000000 2.008870
11.600000 -0.032122 0.000000 1.988389


11.650000 0.431870 0.000000 2.008064
11.650000 -0.032130 0.000000 1.989047


11.700000 0.431864 0.000000 2.007072
11.700000 -0.032136 0.000000 1.989975


11.750000 0.431862 0.000000 2.005907
11.750000 -0.032138 0.000000 1.991167


11.800000 0.431862 0.000000 2.004585
11.800000 -0.032138 0.000000 1.992606


11.850000 0.431864 0.000000 2.003126
11.850000 -0.032136 0.000000 1.994261


11.900000 0.431866 0.000000 2.001556
11.900000 -0.032134 0.000000 1.996084


11.950000 0.431868 0.000000 1.999910
11.950000 -0.032132 0.000000 1.998017


12.000000 0.431869 0.000000 1.998229
12.000000 -0.032131 0.000000 1.999992


12.050000 0.431868 0.000000 1.996557
12.050000 -0.032132 0.000000 2.001935


12.100000 0.431867 0.000000 1.994940
12.100000 -0.032133 0.000000 2.003776


12.150000 0.431864 0.000000 1.993419
12.150000 -0.032136 0.000000 2.005448


12.200000 0.431862 0.000000 1.992032
12.200000 -0.032138 0.000000 2.006902


12.250000 0.431861 0.000000 1.990809
12.250000 -0.032139 0.000000 2.008101


12.300000 0.431863 0.000000 1.989773
12.300000 -0.032137 0.000000 2.009022


12.350000 0.431868 0.000000 1.988942
12.350000 -0.032132 0.000000 2.009661


12.400000 0.431876 0.000000 1.988328
12.400000 -0.032124 0.000000 2.010022


12.450000 0.431887 0.000000 1.987944
12.450000 -0.032113 0.000000 2.010118


12.500000 0.431898 0.000000 1.987800
12.500000 -0.032102 0.000000 2.009967


12.550000 0.431910 0.000000 1.987907
12.550000 -0.032090 0.000000 2.009585


12.600000 0.431921 0.000000 1.988276
12.600000 -0.032079 0.000000 2.008989


12.650000 0.431930 0.000000 1.988914
12.650000 -0.032070 0.000000 2.008193


12.700000 0.431936 0.000000 1.989825
12.700000 -0.032064 0.000000 2.007210


12.750000 0.431938 0.000000 1.991004
12.750000 -0.032062 0.000000 2.006052


12.800000 0.431938 0.000000 1.992434
12.800000 -0.032062 0.000000 2.004734


12.850000 0.431937 0.000000 1.994084
12.850000 -0.032063 0.000000 2.003275


12.900000 0.431934 0.000000 1.995909
12.900000 -0.032066 0.000000 2.001703


12.950000 0.431932 0.000000 1.997851
12.950000 -0.032068 0.000000 2.000052


13.000000 0.431931 0.000000 1.999840
13.000000 -0.032069 0.000000 1.998361


13.050000 0.431931 0.000000 2.001804
13.050000 -0.032069 0.000000 1.996675


13.100000 0.431933 0.000000 2.003669
13.100000 -0.032067 0.000000 1.995041


13.150000 0.431936 0.000000 2.005369
13.150000 -0.032064 0.000000 1.993501


13.200000 0.431938 0.000000 2.006853
13.200000 -0.032062 0.000000 1.992093


13.250000 0.431939 0.000000 2.008080
13.250000 -0.032061 0.000000 1.990848


13.300000 0.431937 0.000000 2.009029
13.300000 -0.032063 0.000000 1.989790


13.350000 0.431932 0.000000 2.009694
13.350000 -0.032068 0.000000 1.988936


13.400000 0.431924 0.000000 2.010077
13.400000 -0.032076 0.000000 1.988300


13.450000 0.431914 0.000000 2.010193
13.450000 -0.032086 0.000000 1.987894


13.500000 0.431902 0.000000 2.010059
13.500000 -0.032098 0.000000 1.987728


13.550000 0.431890 0.000000 2.009691
13.550000 -0.032110 0.000000 1.987814


13.600000 0.431879 0.000000 2.009108
13.600000 -0.032121 0.000000 1.988162


13.650000 0.431870 0.000000 2.008323
13.650000 -0.032130 0.000000 1.988781


13.700000 0.431863 0.000000 2.007349
13.700000 -0.032137 0.000000 1.989676


13.750000 0.431860 0.000000 2.006197
13.750000 -0.032140 0.000000 1.990840


13.800000 0.431860 0.000000 2.004884
13.800000 -0.032140 0.000000 1.992260


13.850000 0.431862 0.000000 2.003427
13.850000 -0.032138 0.000000 1.993905


13.900000 0.431865 0.000000 2.001853
13.900000 -0.032135 0.000000 1.995732


13.950000 0.431867 0.000000 2.000195
13.950000 -0.032133 0.000000 1.997681


14.000000 0.431868 0.000000 1.998495
14.000000 -0.032132 0.000000 1.999685


