0.000000 0.000000 0.000000 0.000000
0.000000 0.000000 0.000000 -1.000000


0.050000 0.000000 0.000000 0.044860
0.050000 0.000000 0.000000 -0.955140


0.100000 0.000000 0.000000 0.153172
0.100000 0.000000 0.000000 -0.846828


0.150000 0.000000 0.000000 0.291128
0.150000 0.000000 0.000000 -0.708872


0.200000 0.000000 0.000000 0.435303
0.200000 0.000000 0.000000 -0.564697


0.250000 0.000000 0.000000 0.570727
0.250000 0.000000 0.000000 -0.429273


0.300000 0.000000 0.000000 0.688955
0.300000 0.000000 0.000000 -0.311045


0.350000 0.000000 0.000000 0.786299
0.350000 0.000000 0.000000 -0.213701


0.400000 0.000000 0.000000 0.862324
0.400000 0.000000 0.000000 -0.137676


0.450000 0.000000 0.000000 0.918637
0.450000 0.000000 0.000000 -0.081363


0.500000 0.000000 0.000000 0.957961
0.500000 0.000000 0.000000 -0.042039


0.550000 0.000000 0.000000 0.983463
0.550000 0.000000 0.000000 -0.016537


0.600000 0.000000 0.000000 0.998306
0.600000 0.000000 0.000000 -0.001694


0.650000 0.000000 0.000000 1.005373
0.650000 0.000000 0.000000 0.005373


0.700000 0.000000 0.000000 1.007120
0.700000 0.000000 0.000000 0.007120


0.750000 0.000000 0.000000 1.005524
0.750000 0.000000 0.000000 0.005524


0.800000 0.000000 0.000000 1.002090
0.800000 0.000000 0.000000 0.002090


0.850000 0.000000 0.000000 0.997907
0.850000 0.000000 0.000000 -0.002093


0.900000 0.000000 0.000000 0.993705
0.900000 0.000000 0.000000 -0.006295


0.950000 0.000000 0.000000 0.989934
0.950000 0.000000 0.000000 -0.010066


1.000000 0.000000 0.000000 0.986828
1.000000 0.000000 0.000000 -0.013172


1.050000 0.000000 0.000000 0.984472
1.050000 0.000000 0.000000 -0.015528


1.100000 0.000000 0.000000 0.982847
1.100000 0.000000 0.000000 -0.017153


1.150000 0.000000 0.000000 0.981877
1.150000 0.000000 0.000000 -0.018123


1.200000 0.000000 0.000000 0.981453
1.200000 0.000000 0.000000 -0.018547


1.250000 0.000000 0.000000 0.981458
1.250000 0.000000 0.000000 -0.018542


1.300000 0.000000 0.000000 0.981781
1.300000 0.000000 0.000000 -0.018219


1.350000 0.000000 0.000000 0.982322
1.350000 0.000000 0.000000 -0.017678


1.400000 0.000000 0.000000 0.982999
1.400000 0.000000 0.000000 -0.017001


1.450000 0.000000 0.000000 0.983747
1.450000 0.000000 0.000000 -0.016253


1.500000 0.000000 0.000000 0.984518
1.500000 0.000000 0.000000 -0.015482


1.550000 0.000000 0.000000 0.985280
1.550000 0.000000 0.000000 -0.014720


1.600000 0.000000 0.000000 0.986010
1.600000 0.000000 0.000000 -0.013990


1.650000 0.000000 0.000000 0.986696
1.650000 0.000000 0.000000 -0.013304


1.700000 0.000000 0.000000 0.987333
1.700000 0.000000 0.000000 -0.012667


1.750000 0.000000 0.000000 0.987921
1.750000 0.000000 0.000000 -0.012079


1.800000 0.000000 0.000000 0.988463
1.800000 0.000000 0.000000 -0.011537


1.850000 0.000000 0.000000 0.988962
1.850000 0.000000 0.000000 -0.011038


1.900000 0.000000 0.000000 0.989423
1.900000 0.000000 0.000000 -0.010577


1.950000 0.000000 0.000000 0.989852
1.950000 0.000000 0.000000 -0.010148


2.000000 0.000000 0.000000 0.990254
2.000000 0.000000 0.000000 -0.009746


2.050000 0.000004 0.000004 0.990631
2.050000 0.000000 0.000000 -0.009369


2.100000 0.000066 0.000066 0.990989
2.100000 0.000000 0.000000 -0.009011


2.150000 0.000307 0.000307 0.991329
2.150000 0.000002 0.000002 -0.008671


2.200000 0.000852 0.000852 0.991654
2.200000 0.000012 0.000012 -0.008345


2.250000 0.001777 0.001777 0.991966
2.250000 0.000043 0.000043 -0.008031


2.300000 0.003090 0.003090 0.992267
2.300000 0.000117 0.000117 -0.007725


2.350000 0.004739 0.004739 0.992556
2.350000 0.000264 0.000264 -0.007424


2.400000 0.006651 0.006651 0.992835
2.400000 0.000520 0.000520 -0.007127


2.450000 0.008766 0.008766 0.993104
2.450000 0.000926 0.000926 -0.006835


2.500000 0.011056 0.011056 0.993362
2.500000 0.001524 0.001524 -0.006547


2.550000 0.013533 0.013533 0.993610
2.550000 0.002355 0.002355 -0.006265


2.600000 0.016233 0.016233 0.993848
2.600000 0.003460 0.003460 -0.005989


2.650000 0.019194 0.019194 0.994076
2.650000 0.004878 0.004877 -0.005719


2.700000 0.022443 0.022443 0.994295
2.700000 0.006646 0.006646 -0.005455


2.750000 0.025988 0.025988 0.994504
2.750000 0.008802 0.008802 -0.005200


2.800000 0.029817 0.029817 0.994704
2.800000 0.011379 0.011379 -0.004956


2.850000 0.033911 0.033911 0.994895
2.850000 0.014408 0.014408 -0.004724


2.900000 0.038254 0.038254 0.995077
2.900000 0.017915 0.017915 -0.004509


2.950000 0.042839 0.042839 0.995251
2.950000 0.021920 0.021920 -0.004311


3.000000 0.047668 0.047668 0.995418
3.000000 0.026439 0.026439 -0.004131


3.050000 0.052751 0.052751 0.995578
3.050000 0.031478 0.031478 -0.003970


3.100000 0.058101 0.058101 0.995732
3.100000 0.037039 0.037039 -0.003825


3.150000 0.063726 0.063726 0.995880
3.150000 0.043117 0.043117 -0.003695


3.200000 0.069628 0.069628 0.996024
3.200000 0.049701 0.049701 -0.003579


3.250000 0.075805 0.075805 0.996164
3.250000 0.056774 0.056774 -0.003474


3.300000 0.082250 0.082250 0.996299
3.300000 0.064314 0.064314 -0.003379


3.350000 0.088957 0.088957 0.996430
3.350000 0.072296 0.072296 -0.003292


3.400000 0.095923 0.095923 0.996557
3.400000 0.080686 0.080686 -0.003211


3.450000 0.103145 0.103145 0.996680
3.450000 0.089452 0.089452 -0.003133


3.500000 0.110624 0.110624 0.996798
3.500000 0.098554 0.098554 -0.003056


3.550000 0.118363 0.118363 0.996913
3.550000 0.107954 0.107954 -0.002979


3.600000 0.126361 0.126361 0.997022
3.600000 0.117610 0.117610 -0.002901


3.650000 0.134617 0.134617 0.997127
3.650000 0.127482 0.127482 -0.002822


3.700000 0.143128 0.143128 0.997228
3.700000 0.137530 0.137530 -0.002741


3.750000 0.151889 0.151889 0.997323
3.750000 0.147716 0.147716 -0.002660


3.800000 0.160898 0.160898 0.997414
3.800000 0.158006 0.158006 -0.002578


3.850000 0.170150 0.170150 0.997499
3.850000 0.168368 0.168368 -0.002498


3.900000 0.179644 0.179644 0.997580
3.900000 0.178775 0.178775 -0.002419


3.950000 0.189378 0.189378 0.997657
3.950000 0.189204 0.189204 -0.002343


4.000000 0.199350 0.199350 0.997730
4.000000 0.199638 0.199638 -0.002269


4.050000 0.209561 0.209561 0.997800
4.050000 0.210065 0.210065 -0.002200


4.100000 0.220008 0.220008 0.997867
4.100000 0.220481 0.220481 -0.002133


4.150000 0.230691 0.230691 0.997931
4.150000 0.230885 0.230885 -0.002069


4.200000 0.241609 0.241609 0.997992
4.200000 0.241285 0.241285 -0.002007


4.250000 0.252761 0.252762 0.998052
4.250000 0.251693 0.251693 -0.001947


4.300000 0.264147 0.264147 0.998110
4.300000 0.262127 0.262128 -0.001886


4.350000 0.275767 0.275767 0.998167
4.350000 0.272611 0.272611 -0.001823


4.400000 0.287621 0.287621 0.998221
4.400000 0.283172 0.283172 -0.001759


4.450000 0.299711 0.299711 0.998275
4.450000 0.293842 0.293842 -0.001691


4.500000 0.312039 0.312039 0.998326
4.500000 0.304656 0.304656 -0.001620


4.550000 0.324606 0.324606 0.998375
4.550000 0.315650 0.315650 -0.001545


4.600000 0.337414 0.337414 0.998422
4.600000 0.326863 0.326863 -0.001466


4.650000 0.350465 0.350465 0.998467
4.650000 0.338335 0.338335 -0.001386


4.700000 0.363761 0.363761 0.998510
4.700000 0.350103 0.350103 -0.001304


4.750000 0.377304 0.377304 0.998549
4.750000 0.362207 0.362207 -0.001223


4.800000 0.391097 0.391097 0.998587
4.800000 0.374680 0.374680 -0.001144


4.850000 0.405141 0.405141 0.998622
4.850000 0.387555 0.387555 -0.001069


4.900000 0.419439 0.419439 0.998654
4.900000 0.400861 0.400861 -0.001001


4.950000 0.433993 0.433993 0.998684
4.950000 0.414623 0.414623 -0.000940


5.000000 0.448805 0.448805 0.998713
5.000000 0.428859 0.428859 -0.000889


5.050000 0.463877 0.463877 0.998740
5.050000 0.443585 0.443584 -0.000848


5.100000 0.479210 0.479210 0.998767
5.100000 0.458808 0.458807 -0.000817


5.150000 0.494805 0.494805 0.998792
5.150000 0.474531 0.474531 -0.000797


5.200000 0.510663 0.510663 0.998817
5.200000 0.490752 0.490752 -0.000786


5.250000 0.526785 0.526785 0.998842
5.250000 0.507461 0.507461 -0.000784


5.300000 0.543171 0.543171 0.998868
5.300000 0.524645 0.524645 -0.000789


5.350000 0.559820 0.559820 0.998893
5.350000 0.542284 0.542283 -0.000799


5.400000 0.576732 0.576732 0.998919
5.400000 0.560353 0.560353 -0.000813


5.450000 0.593908 0.593908 0.998944
5.450000 0.578825 0.578825 -0.000828


5.500000 0.611344 0.611344 0.998970
5.500000 0.597668 0.597668 -0.000843


5.550000 0.629041 0.629041 0.998996
5.550000 0.616847 0.616847 -0.000856


5.600000 0.646997 0.646997 0.999020
5.600000 0.636326 0.636326 -0.000866


5.650000 0.665209 0.665209 0.999044
5.650000 0.656068 0.656068 -0.000872


5.700000 0.683676 0.683676 0.999067
5.700000 0.676035 0.676035 -0.000874


5.750000 0.702395 0.702395 0.999089
5.750000 0.696191 0.696191 -0.000873


5.800000 0.721365 0.721365 0.999108
5.800000 0.716500 0.716500 -0.000868


5.850000 0.740584 0.740584 0.999127
5.850000 0.736930 0.736930 -0.000860


5.900000 0.760049 0.760049 0.999143
5.900000 0.757450 0.757450 -0.000850


5.950000 0.779758 0.779758 0.999158
5.950000 0.778034 0.778034 -0.000839


6.000000 0.799709 0.799709 0.999172
6.000000 0.798662 0.798662 -0.000827


6.050000 0.819901 0.819901 0.999184
6.050000 0.819316 0.819316 -0.000816


6.100000 0.840331 0.840331 0.999195
6.100000 0.839985 0.839985 -0.000805


6.150000 0.861000 0.861000 0.999206
6.150000 0.860664 0.860664 -0.000794


6.200000 0.881906 0.881906 0.999216
6.200000 0.881350 0.881351 -0.000783


6.250000 0.903047 0.903047 0.999226
6.250000 0.902051 0.902051 -0.000773


6.300000 0.924424 0.924424 0.999236
6.300000 0.922777 0.922777 -0.000761


6.350000 0.946037 0.946037 0.999246
6.350000 0.943543 0.943543 -0.000747


6.400000 0.967886 0.967886 0.999257
6.400000 0.964370 0.964370 -0.000731


6.450000 0.989971 0.989971 0.999267
6.450000 0.985283 0.985283 -0.000711


6.500000 1.012294 1.012294 0.999278
6.500000 1.006311 1.006311 -0.000687


6.550000 1.034856 1.034856 0.999288
6.550000 1.027485 1.027485 -0.000658


6.600000 1.057657 1.057657 0.999298
6.600000 1.048840 1.048840 -0.000624


6.650000 1.080700 1.080700 0.999308
6.650000 1.070411 1.070411 -0.000587


6.700000 1.103987 1.103987 0.999316
6.700000 1.092233 1.092233 -0.000545


6.750000 1.127519 1.127519 0.999324
6.750000 1.114344 1.114344 -0.000502


6.800000 1.151298 1.151298 0.999331
6.800000 1.136777 1.136777 -0.000458


6.850000 1.175327 1.175327 0.999337
6.850000 1.159566 1.159566 -0.000414


6.900000 1.199608 1.199608 0.999342
6.900000 1.182741 1.182741 -0.000374


6.950000 1.224142 1.224142 0.999346
6.950000 1.206329 1.206329 -0.000337


7.000000 1.248932 1.248932 0.999349
7.000000 1.230354 1.230354 -0.000306


7.050000 1.273979 1.273979 0.999351
7.050000 1.254834 1.254834 -0.000282


7.100000 1.299286 1.299286 0.999353
7.100000 1.279784 1.279784 -0.000267


7.150000 1.324853 1.324853 0.999355
7.150000 1.305212 1.305212 -0.000259


7.200000 1.350681 1.350681 0.999357
7.200000 1.331122 1.331121 -0.000260


7.250000 1.376771 1.376771 0.999360
7.250000 1.357511 1.357511 -0.000269


7.300000 1.403125 1.403125 0.999363
7.300000 1.384373 1.384373 -0.000285


7.350000 1.429741 1.429741 0.999367
7.350000 1.411695 1.411695 -0.000307


7.400000 1.456621 1.456621 0.999372
7.400000 1.439461 1.439461 -0.000333


7.450000 1.483763 1.483763 0.999378
7.450000 1.467648 1.467648 -0.000362


7.500000 1.511167 1.511167 0.999385
7.500000 1.496231 1.496231 -0.000392


7.550000 1.538833 1.538833 0.999392
7.550000 1.525181 1.525181 -0.000421


7.600000 1.566758 1.566758 0.999400
7.600000 1.554466 1.554466 -0.000449


7.650000 1.594942 1.594942 0.999408
7.650000 1.584055 1.584054 -0.000473


7.700000 1.623382 1.623382 0.999416
7.700000 1.613911 1.613911 -0.000495


7.750000 1.652078 1.652077 0.999423
7.750000 1.644000 1.644000 -0.000512


7.800000 1.681026 1.681026 0.999430
7.800000 1.674289 1.674289 -0.000525


7.850000 1.710226 1.710226 0.999436
7.850000 1.704744 1.704744 -0.000534


7.900000 1.739674 1.739674 0.999441
7.900000 1.735334 1.735334 -0.000541


7.950000 1.769370 1.769370 0.999444
7.950000 1.766032 1.766032 -0.000544


8.000000 1.799311 1.799311 0.999447
8.000000 1.796812 1.796812 -0.000546


8.050000 1.829495 1.829495 0.999450
8.050000 1.827655 1.827655 -0.000547


8.100000 1.859921 1.859921 0.999451
8.100000 1.858543 1.858543 -0.000547


8.150000 1.890587 1.890587 0.999452
8.150000 1.889466 1.889466 -0.000547


8.200000 1.921493 1.921493 0.999452
8.200000 1.920417 1.920417 -0.000546


8.250000 1.952636 1.952636 0.999453
8.250000 1.951394 1.951395 -0.000545


8.300000 1.984017 1.984017 0.999454
8.300000 1.982403 1.982403 -0.000544


8.350000 2.015635 2.015635 0.999455
8.350000 2.013451 2.013451 -0.000541


8.400000 2.047490 2.047490 0.999456
8.400000 2.044553 2.044553 -0.000535


8.450000 2.079582 2.079582 0.999458
8.450000 2.075727 2.075727 -0.000527


8.500000 2.111911 2.111911 0.999460
8.500000 2.106996 2.106996 -0.000516


8.550000 2.144479 2.144479 0.999462
8.550000 2.138384 2.138384 -0.000501


8.600000 2.177287 2.177286 0.999465
8.600000 2.169922 2.169922 -0.000481


8.650000 2.210334 2.210334 0.999467
8.650000 2.201641 2.201641 -0.000457


8.700000 2.243624 2.243624 0.999470
8.700000 2.233572 2.233572 -0.000429


8.750000 2.277158 2.277158 0.999472
8.750000 2.265749 2.265749 -0.000398


8.800000 2.310938 2.310938 0.999473
8.800000 2.298206 2.298206 -0.000364


8.850000 2.344965 2.344965 0.999474
8.850000 2.330975 2.330975 -0.000330


8.900000 2.379241 2.379241 0.999475
8.900000 2.364087 2.364086 -0.000296


8.950000 2.413769 2.413769 0.999474
8.950000 2.397569 2.397569 -0.000264


9.000000 2.448549 2.448549 0.999473
9.000000 2.431449 2.431449 -0.000235


9.050000 2.483585 2.483585 0.999471
9.050000 2.465748 2.465748 -0.000211


9.100000 2.518878 2.518878 0.999469
9.100000 2.500484 2.500484 -0.000193


9.150000 2.554428 2.554428 0.999467
9.150000 2.535671 2.535671 -0.000181


9.200000 2.590239 2.590238 0.999465
9.200000 2.571318 2.571318 -0.000177


9.250000 2.626309 2.626309 0.999463
9.250000 2.607429 2.607429 -0.000181


9.300000 2.662641 2.662641 0.999461
9.300000 2.644004 2.644004 -0.000191


9.350000 2.699235 2.699235 0.999461
9.350000 2.681035 2.681035 -0.000208


9.400000 2.736091 2.736091 0.999461
9.400000 2.718514 2.718513 -0.000230


9.450000 2.773210 2.773209 0.999462
9.450000 2.756424 2.756423 -0.000256


9.500000 2.810590 2.810590 0.999464
9.500000 2.794746 2.794745 -0.000285


9.550000 2.848231 2.848231 0.999467
9.550000 2.833457 2.833457 -0.000315


9.600000 2.886133 2.886133 0.999471
9.600000 2.872532 2.872531 -0.000344


9.650000 2.924295 2.924294 0.999475
9.650000 2.911940 2.911940 -0.000373


9.700000 2.962714 2.962714 0.999479
9.700000 2.951653 2.951653 -0.000399


9.750000 3.001390 3.001390 0.999484
9.750000 2.991638 2.991638 -0.000421


9.800000 3.040321 3.040321 0.999488
9.800000 3.031863 3.031863 -0.000441


9.850000 3.079505 3.079505 0.999491
9.850000 3.072297 3.072297 -0.000457


9.900000 3.118941 3.118941 0.999495
9.900000 3.112908 3.112908 -0.000469


9.950000 3.158626 3.158626 0.999497
9.950000 3.153668 3.153668 -0.000478


10.000000 3.198558 3.198558 0.999499
10.000000 3.194551 3.194551 -0.000485


