0.000000 0.000000 0.000000 0.000000 0.000000 0.000000 0.000000 0.000000 0.000000 -1.000000 0.000000 0.000000 1.000000
0.050000 0.000000 0.000000 0.044860 0.000000 0.000000 0.000000 0.000000 0.000000 -0.955140 0.000000 0.000000 1.000000
0.100000 0.000000 0.000000 0.153172 0.000000 0.000000 0.000000 0.000000 0.000000 -0.846828 0.000000 0.000000 1.000000
0.150000 0.000000 0.000000 0.291128 0.000000 0.000000 0.000000 0.000000 0.000000 -0.708872 0.000000 0.000000 1.000000
0.200000 0.000000 0.000000 0.435303 0.000000 0.000000 0.000000 0.000000 0.000000 -0.564697 0.000000 0.000000 1.000000
0.250000 0.000000 0.000000 0.570727 0.000000 0.000000 0.000000 0.000000 0.000000 -0.429273 0.000000 0.000000 1.000000
0.300000 0.000000 0.000000 0.688955 0.000000 0.000000 0.000000 0.000000 0.000000 -0.311045 0.000000 0.000000 1.000000
0.350000 0.000000 0.000000 0.786299 0.000000 0.000000 0.000000 0.000000 0.000000 -0.213701 0.000000 0.000000 1.000000
0.400000 0.000000 0.000000 0.862324 0.000000 0.000000 0.000000 0.000000 0.000000 -0.137676 0.000000 0.000000 1.000000
0.450000 0.000000 0.000000 0.918637 0.000000 0.000000 0.000000 0.000000 0.000000 -0.081363 0.000000 0.000000 1.000000
0.500000 0.000000 0.000000 0.957961 0.000000 0.000000 0.000000 0.000000 0.000000 -0.042039 0.000000 0.000000 1.000000
0.550000 0.000000 0.000000 0.983463 0.000000 0.000000 0.000000 0.000000 0.000000 -0.016537 0.000000 0.000000 1.000000
0.600000 0.000000 0.000000 0.998306 0.000000 0.000000 0.000000 0.000000 0.000000 -0.001694 0.000000 0.000000 1.000000
0.650000 0.000000 0.000000 1.005373 0.000000 0.000000 0.000000 0.000000 0.000000 0.005373 0.000000 0.000000 1.000000
0.700000 0.000000 0.000000 1.007120 0.000000 0.000000 0.000000 0.000000 0.000000 0.007120 0.000000 0.000000 1.000000
0.750000 0.000000 0.000000 1.005524 0.000000 0.000000 0.000000 0.000000 0.000000 0.005524 0.000000 0.000000 1.000000
0.800000 0.000000 0.000000 1.002090 0.000000 0.000000 0.000000 0.000000 0.000000 0.002090 0.000000 0.000000 1.000000
0.850000 0.000000 0.000000 0.997907 0.000000 0.000000 0.000000 0.000000 0.000000 -0.002093 0.000000 0.000000 1.000000
0.900000 0.000000 0.000000 0.993705 0.000000 0.000000 0.000000 0.000000 0.000000 -0.006295 0.000000 0.000000 1.000000
0.950000 0.000000 0.000000 0.989934 0.000000 0.000000 0.000000 0.000000 0.000000 -0.010066 0.000000 0.000000 1.000000
1.000000 0.000000 0.000000 0.986828 0.000000 0.000000 0.000000 0.000000 0.000000 -0.013172 0.000000 0.000000 1.000000
1.050000 0.000000 0.000000 0.984472 0.000000 0.000000 0.000000 0.000000 0.000000 -0.015528 0.000000 0.000000 1.000000
1.100000 0.000000 0.000000 0.982847 0.000000 0.000000 0.000000 0.000000 0.000000 -0.017153 0.000000 0.000000 1.000000
1.150000 0.000000 0.000000 0.981877 0.000000 0.000000 0.000000 0.000000 0.000000 -0.018123 0.000000 0.000000 1.000000
1.200000 0.000000 0.000000 0.981453 0.000000 0.000000 0.000000 0.000000 0.000000 -0.018547 0.000000 0.000000 1.000000
1.250000 0.000000 0.000000 0.981458 0.000000 0.000000 0.000000 0.000000 0.000000 -0.018542 0.000000 0.000000 1.000000
1.300000 0.000000 0.000000 0.981781 0.000000 0.000000 0.000000 0.000000 0.000000 -0.018219 0.000000 0.000000 1.000000
1.350000 0.000000 0.000000 0.982322 0.000000 0.000000 0.000000 0.000000 0.000000 -0.017678 0.000000 0.000000 1.000000
1.400000 0.000000 0.000000 0.982999 0.000000 0.000000 0.000000 0.000000 0.000000 -0.017001 0.000000 0.000000 1.000000
1.450000 0.000000 0.000000 0.983747 0.000000 0.000000 0.000000 0.000000 0.000000 -0.016253 0.000000 0.000000 1.000000
1.500000 0.000000 0.000000 0.984518 0.000000 0.000000 0.000000 0.000000 0.000000 -0.015482 0.000000 0.000000 1.000000
1.550000 0.000000 0.000000 0.985280 0.000000 0.000000 0.000000 0.000000 0.000000 -0.014720 0.000000 0.000000 1.000000
1.600000 0.000000 0.000000 0.986010 0.000000 0.000000 0.000000 0.000000 0.000000 -0.013990 0.000000 0.000000 1.000000
1.650000 0.000000 0.000000 0.986696 0.000000 0.000000 0.000000 0.000000 0.000000 -0.013304 0.000000 0.000000 1.000000
1.700000 0.000000 0.000000 0.987333 0.000000 0.000000 0.000000 0.000000 0.000000 -0.012667 0.000000 0.000000 1.000000
1.750000 0.000000 0.000000 0.987921 0.000000 0.000000 0.000000 0.000000 0.000000 -0.012079 0.000000 0.000000 1.000000
1.800000 0.000000 0.000000 0.988463 0.000000 0.000000 0.000000 0.000000 0.000000 -0.011537 0.000000 0.000000 1.000000
1.850000 0.000000 0.000000 0.988962 0.000000 0.000000 0.000000 0.000000 0.000000 -0.011038 0.000000 0.000000 1.000000
1.900000 0.000000 0.000000 0.989423 0.000000 0.000000 0.000000 0.000000 0.000000 -0.010577 0.000000 0.000000 1.000000
1.950000 0.000000 0.000000 0.989852 0.000000 0.000000 0.000000 0.000000 0.000000 -0.010148 0.000000 0.000000 1.000000
2.000000 0.000000 0.000000 0.990254 0.000000 0.000000 0.000000 0.000000 0.000000 -0.009746 0.000000 0.000000 1.000000
2.050000 0.000004 0.000004 0.990631 -0.001495 0.001495 -0.000000 0.000000 0.000000 -0.009369 0.000125 0.000125 1.000000
2.100000 0.000066 0.000066 0.990989 -0.005076 0.005077 -0.000001 0.000000 0.000000 -0.009011 0.000500 0.000500 1.000000
2.150000 0.000307 0.000307 0.991329 -0.008775 0.008775 -0.000001 0.000002 0.000002 -0.008671 0.001125 0.001125 1.000000
2.200000 0.000852 0.000852 0.991654 -0.011080 0.011081 0.000000 0.000012 0.000012 -0.008345 0.002000 0.002000 1.000000
2.250000 0.001777 0.001777 0.991966 -0.011458 0.011459 0.000001 0.000043 0.000043 -0.008031 0.003125 0.003125 1.000000
2.300000 0.003090 0.003090 0.992267 -0.010331 0.010331 0.000001 0.000117 0.000117 -0.007725 0.004500 0.004500 1.000000
2.350000 0.004739 0.004739 0.992556 -0.008671 0.008671 0.000001 0.000264 0.000264 -0.007424 0.006125 0.006125 1.000000
2.400000 0.006651 0.006651 0.992835 -0.007463 0.007463 -0.000000 0.000520 0.000520 -0.007127 0.008000 0.008000 1.000000
2.450000 0.008766 0.008766 0.993104 -0.007292 0.007292 -0.000000 0.000926 0.000926 -0.006835 0.010125 0.010125 1.000000
2.500000 0.011056 0.011056 0.993362 -0.008188 0.008189 -0.000001 0.001524 0.001524 -0.006547 0.012500 0.012500 1.000000
2.550000 0.013533 0.013533 0.993610 -0.009744 0.009745 -0.000001 0.002355 0.002355 -0.006265 0.015125 0.015125 1.000000
2.600000 0.016233 0.016233 0.993848 -0.011381 0.011382 -0.000000 0.003460 0.003460 -0.005989 0.018000 0.018000 1.000000
2.650000 0.019194 0.019194 0.994076 -0.012622 0.012623 -0.000000 0.004878 0.004877 -0.005719 0.021125 0.021125 1.000000
2.700000 0.022443 0.022443 0.994295 -0.013259 0.013260 0.000000 0.006646 0.006646 -0.005455 0.024500 0.024500 1.000000
2.750000 0.025988 0.025988 0.994504 -0.013370 0.013371 0.000000 0.008802 0.008802 -0.005200 0.028125 0.028125 1.000000
2.800000 0.029817 0.029817 0.994704 -0.013212 0.013213 0.000000 0.011379 0.011379 -0.004956 0.032000 0.032000 1.000000
2.850000 0.033911 0.033911 0.994895 -0.013069 0.013070 0.000000 0.014408 0.014408 -0.004724 0.036125 0.036125 1.000000
2.900000 0.038254 0.038254 0.995077 -0.013123 0.013124 -0.000000 0.017915 0.017915 -0.004509 0.040500 0.040500 1.000000
2.950000 0.042839 0.042839 0.995251 -0.013402 0.013403 -0.000000 0.021920 0.021920 -0.004311 0.045125 0.045125 1.000000
3.000000 0.047668 0.047668 0.995418 -0.013802 0.013803 -0.000000 0.026439 0.026439 -0.004131 0.050000 0.050000 1.000000
3.050000 0.052751 0.052751 0.995578 -0.014160 0.014161 -0.000000 0.031478 0.031478 -0.003970 0.055125 0.055125 1.000000
3.100000 0.058101 0.058101 0.995732 -0.014333 0.014335 0.000000 0.037039 0.037039 -0.003825 0.060500 0.060500 1.000000
3.150000 0.063726 0.063726 0.995880 -0.014257 0.014258 0.000000 0.043117 0.043117 -0.003695 0.066125 0.066125 1.000000
3.200000 0.069628 0.069628 0.996024 -0.013949 0.013950 0.000000 0.049701 0.049701 -0.003579 0.072000 0.072000 1.000000
3.250000 0.075805 0.075805 0.996164 -0.013487 0.013488 0.000000 0.056774 0.056774 -0.003474 0.078125 0.078125 1.000000
3.300000 0.082250 0.082250 0.996299 -0.012963 0.012964 0.000000 0.064314 0.064314 -0.003379 0.084500 0.084500 1.000000
3.350000 0.088957 0.088957 0.996430 -0.012448 0.012449 0.000000 0.072296 0.072296 -0.003292 0.091125 0.091125 1.000000
3.400000 0.095923 0.095923 0.996557 -0.011966 0.011967 0.000000 0.080686 0.080686 -0.003211 0.098000 0.098000 1.000000
3.450000 0.103145 0.103145 0.996680 -0.011505 0.011506 -0.000000 0.089452 0.089452 -0.003133 0.105125 0.105125 1.000000
3.500000 0.110624 0.110624 0.996798 -0.011033 0.011034 -0.000000 0.098554 0.098554 -0.003056 0.112500 0.112500 1.000000
3.550000 0.118363 0.118363 0.996913 -0.010521 0.010522 0.000000 0.107954 0.107954 -0.002979 0.120125 0.120125 1.000000
3.600000 0.126361 0.126361 0.997022 -0.009959 0.009960 0.000000 0.117610 0.117610 -0.002901 0.128000 0.128000 1.000000
3.650000 0.134617 0.134617 0.997127 -0.009362 0.009363 -0.000000 0.127482 0.127482 -0.002822 0.136125 0.136125 1.000000
3.700000 0.143128 0.143128 0.997228 -0.008763 0.008763 -0.000000 0.137530 0.137530 -0.002741 0.144500 0.144500 1.000000
3.750000 0.151889 0.151889 0.997323 -0.008199 0.008199 -0.000000 0.147716 0.147716 -0.002660 0.153125 0.153125 1.000000
3.800000 0.160898 0.160898 0.997414 -0.007701 0.007701 -0.000000 0.158006 0.158006 -0.002578 0.162000 0.162000 1.000000
3.850000 0.170150 0.170150 0.997499 -0.007286 0.007286 -0.000000 0.168368 0.168368 -0.002498 0.171125 0.171125 1.000000
3.900000 0.179644 0.179644 0.997580 -0.006959 0.006959 -0.000000 0.178775 0.178775 -0.002419 0.180500 0.180500 1.000000
3.950000 0.189378 0.189378 0.997657 -0.006713 0.006714 -0.000000 0.189204 0.189204 -0.002343 0.190125 0.190125 1.000000
4.000000 0.199350 0.199350 0.997730 -0.006544 0.006544 -0.000000 0.199638 0.199638 -0.002269 0.200000 0.200000 1.000000
4.050000 0.209561 0.209561 0.997800 -0.006447 0.006447 -0.000000 0.210065 0.210065 -0.002200 0.210125 0.210125 1.000000
4.100000 0.220008 0.220008 0.997867 -0.006424 0.006425 -0.000000 0.220481 0.220481 -0.002133 0.220500 0.220500 1.000000
4.150000 0.230691 0.230691 0.997931 -0.006480 0.006481 -0.000000 0.230885 0.230885 -0.002069 0.231125 0.231125 1.000000
4.200000 0.241609 0.241609 0.997992 -0.006621 0.006621 -0.000000 0.241285 0.241285 -0.002007 0.242000 0.242000 1.000000
4.250000 0.252761 0.252762 0.998052 -0.006847 0.006847 -0.000000 0.251693 0.251693 -0.001947 0.253125 0.253125 1.000000
4.300000 0.264147 0.264147 0.998110 -0.007156 0.007156 -0.000000 0.262127 0.262128 -0.001886 0.264500 0.264500 1.000000
4.350000 0.275767 0.275767 0.998167 -0.007539 0.007539 -0.000000 0.272611 0.272611 -0.001823 0.276125 0.276125 1.000000
4.400000 0.287621 0.287621 0.998221 -0.007984 0.007984 -0.000000 0.283172 0.283172 -0.001759 0.288000 0.288000 1.000000
4.450000 0.299711 0.299711 0.998275 -0.008476 0.008477 -0.000000 0.293842 0.293842 -0.001691 0.300125 0.300125 1.000000
4.500000 0.312039 0.312039 0.998326 -0.009002 0.009003 -0.000000 0.304656 0.304656 -0.001620 0.312500 0.312500 1.000000
4.550000 0.324606 0.324606 0.998375 -0.009550 0.009550 -0.000000 0.315650 0.315650 -0.001545 0.325125 0.325125 1.000000
4.600000 0.337414 0.337414 0.998422 -0.010106 0.010107 -0.000000 0.326863 0.326863 -0.001466 0.338000 0.338000 1.000000
4.650000 0.350465 0.350465 0.998467 -0.010661 0.010662 -0.000000 0.338335 0.338335 -0.001386 0.351125 0.351125 1.000000
4.700000 0.363761 0.363761 0.998510 -0.011203 0.011203 -0.000000 0.350103 0.350103 -0.001304 0.364500 0.364500 1.000000
4.750000 0.377304 0.377304 0.998549 -0.011720 0.011721 -0.000000 0.362207 0.362207 -0.001223 0.378125 0.378125 1.000000
4.800000 0.391097 0.391097 0.998587 -0.012200 0.012201 0.000000 0.374680 0.374680 -0.001144 0.392000 0.392000 1.000000
4.850000 0.405141 0.405141 0.998622 -0.012632 0.012633 0.000000 0.387555 0.387555 -0.001069 0.406125 0.406125 1.000000
4.900000 0.419439 0.419439 0.998654 -0.013004 0.013005 0.000000 0.400861 0.400861 -0.001001 0.420500 0.420500 1.000000
4.950000 0.433993 0.433993 0.998684 -0.013307 0.013309 0.000000 0.414623 0.414623 -0.000940 0.435125 0.435125 1.000000
5.000000 0.448805 0.448805 0.998713 -0.013536 0.013537 0.000000 0.428859 0.428859 -0.000889 0.450000 0.450000 1.000000
5.050000 0.463877 0.463877 0.998740 -0.013684 0.013685 0.000000 0.443585 0.443584 -0.000848 0.465125 0.465125 1.000000
5.100000 0.479210 0.479210 0.998767 -0.013749 0.013751 0.000000 0.458808 0.458807 -0.000817 0.480500 0.480500 1.000000
5.150000 0.494805 0.494805 0.998792 -0.013732 0.013733 0.000000 0.474531 0.474531 -0.000797 0.496125 0.496125 1.000000
5.200000 0.510663 0.510663 0.998817 -0.013632 0.013634 0.000000 0.490752 0.490752 -0.000786 0.512000 0.512000 1.000000
5.250000 0.526785 0.526785 0.998842 -0.013453 0.013455 0.000000 0.507461 0.507461 -0.000784 0.528125 0.528125 1.000000
5.300000 0.543171 0.543171 0.998868 -0.013199 0.013200 0.000000 0.524645 0.524645 -0.000789 0.544500 0.544500 1.000000
5.350000 0.559820 0.559820 0.998893 -0.012875 0.012876 0.000000 0.542284 0.542283 -0.000799 0.561125 0.561125 1.000000
5.400000 0.576732 0.576732 0.998919 -0.012490 0.012491 0.000000 0.560353 0.560353 -0.000813 0.578000 0.578000 1.000000
5.450000 0.593908 0.593908 0.998944 -0.012051 0.012052 0.000000 0.578825 0.578825 -0.000828 0.595125 0.595125 1.000000
5.500000 0.611344 0.611344 0.998970 -0.011569 0.011570 0.000000 0.597668 0.597668 -0.000843 0.612500 0.612500 1.000000
5.550000 0.629041 0.629041 0.998996 -0.011057 0.011058 0.000000 0.616847 0.616847 -0.000856 0.630125 0.630125 1.000000
5.600000 0.646997 0.646997 0.999020 -0.010525 0.010526 0.000000 0.636326 0.636326 -0.000866 0.648000 0.648000 1.000000
5.650000 0.665209 0.665209 0.999044 -0.009987 0.009988 0.000000 0.656068 0.656068 -0.000872 0.666125 0.666125 1.000000
5.700000 0.683676 0.683676 0.999067 -0.009456 0.009456 -0.000000 0.676035 0.676035 -0.000874 0.684500 0.684500 1.000000
5.750000 0.702395 0.702395 0.999089 -0.008942 0.008942 -0.000000 0.696191 0.696191 -0.000873 0.703125 0.703125 1.000000
5.800000 0.721365 0.721365 0.999108 -0.008459 0.008459 -0.000000 0.716500 0.716500 -0.000868 0.722000 0.722000 1.000000
5.850000 0.740584 0.740584 0.999127 -0.008017 0.008017 -0.000000 0.736930 0.736930 -0.000860 0.741125 0.741125 1.000000
5.900000 0.760049 0.760049 0.999143 -0.007626 0.007627 -0.000000 0.757450 0.757450 -0.000850 0.760500 0.760500 1.000000
5.950000 0.779758 0.779758 0.999158 -0.007296 0.007296 -0.000000 0.778034 0.778034 -0.000839 0.780125 0.780125 1.000000
6.000000 0.799709 0.799709 0.999172 -0.007034 0.007034 -0.000000 0.798662 0.798662 -0.000827 0.800000 0.800000 1.000000
6.050000 0.819901 0.819901 0.999184 -0.006845 0.006846 -0.000000 0.819316 0.819316 -0.000816 0.820125 0.820125 1.000000
6.100000 0.840331 0.840331 0.999195 -0.006735 0.006735 -0.000000 0.839985 0.839985 -0.000805 0.840500 0.840500 1.000000
6.150000 0.861000 0.861000 0.999206 -0.006704 0.006704 -0.000000 0.860664 0.860664 -0.000794 0.861125 0.861125 1.000000
6.200000 0.881906 0.881906 0.999216 -0.006754 0.006754 -0.000000 0.881350 0.881351 -0.000783 0.882000 0.882000 1.000000
6.250000 0.903047 0.903047 0.999226 -0.006883 0.006883 -0.000000 0.902051 0.902051 -0.000773 0.903125 0.903125 1.000000
6.300000 0.924424 0.924424 0.999236 -0.007088 0.007088 -0.000000 0.922777 0.922777 -0.000761 0.924500 0.924500 1.000000
6.350000 0.946037 0.946037 0.999246 -0.007363 0.007363 -0.000000 0.943543 0.943543 -0.000747 0.946125 0.946125 1.000000
6.400000 0.967886 0.967886 0.999257 -0.007702 0.007703 -0.000000 0.964370 0.964370 -0.000731 0.968000 0.968000 1.000000
6.450000 0.989971 0.989971 0.999267 -0.008098 0.008098 -0.000000 0.985283 0.985283 -0.000711 0.990125 0.990125 1.000000
6.500000 1.012294 1.012294 0.999278 -0.008540 0.008540 -0.000000 1.006311 1.006311 -0.000687 1.012500 1.012500 1.000000
6.550000 1.034856 1.034856 0.999288 -0.009018 0.009018 -0.000000 1.027485 1.027485 -0.000658 1.035125 1.035125 1.000000
6.600000 1.057657 1.057657 0.999298 -0.009521 0.009521 -0.000000 1.048840 1.048840 -0.000624 1.058000 1.058000 1.000000
6.650000 1.080700 1.080700 0.999308 -0.010037 0.010037 -0.000000 1.070411 1.070411 -0.000587 1.081125 1.081125 1.000000
6.700000 1.103987 1.103987 0.999316 -0.010554 0.010555 -0.000000 1.092233 1.092233 -0.000545 1.104500 1.104500 1.000000
6.750000 1.127519 1.127519 0.999324 -0.011060 0.011061 -0.000000 1.114344 1.114344 -0.000502 1.128125 1.128125 1.000000
6.800000 1.151298 1.151298 0.999331 -0.011543 0.011544 0.000000 1.136777 1.136777 -0.000458 1.152000 1.152000 1.000000
6.850000 1.175327 1.175327 0.999337 -0.011993 0.011993 0.000000 1.159566 1.159566 -0.000414 1.176125 1.176125 1.000000
6.900000 1.199608 1.199608 0.999342 -0.012398 0.012399 0.000000 1.182741 1.182741 -0.000374 1.200500 1.200500 1.000000
6.950000 1.224142 1.224142 0.999346 -0.012750 0.012751 0.000000 1.206329 1.206329 -0.000337 1.225125 1.225125 1.000000
7.000000 1.248932 1.248932 0.999349 -0.013040 0.013041 0.000000 1.230354 1.230354 -0.000306 1.250000 1.250000 1.000000
7.050000 1.273979 1.273979 0.999351 -0.013263 0.013264 0.000000 1.254834 1.254834 -0.000282 1.275125 1.275125 1.000000
7.100000 1.299286 1.299286 0.999353 -0.013413 0.013414 0.000000 1.279784 1.279784 -0.000267 1.300500 1.300500 1.000000
7.150000 1.324853 1.324853 0.999355 -0.013488 0.013489 0.000000 1.305212 1.305212 -0.000259 1.326125 1.326125 1.000000
7.200000 1.350681 1.350681 0.999357 -0.013485 0.013486 0.000000 1.331122 1.331121 -0.000260 1.352000 1.352000 1.000000
7.250000 1.376771 1.376771 0.999360 -0.013406 0.013407 0.000000 1.357511 1.357511 -0.000269 1.378125 1.378125 1.000000
7.300000 1.403125 1.403125 0.999363 -0.013252 0.013254 0.000000 1.384373 1.384373 -0.000285 1.404500 1.404500 1.000000
7.350000 1.429741 1.429741 0.999367 -0.013028 0.013029 0.000000 1.411695 1.411695 -0.000307 1.431125 1.431125 1.000000
7.400000 1.456621 1.456621 0.999372 -0.012739 0.012740 0.000000 1.439461 1.439461 -0.000333 1.458000 1.458000 1.000000
7.450000 1.483763 1.483763 0.999378 -0.012390 0.012391 0.000000 1.467648 1.467648 -0.000362 1.485125 1.485125 1.000000
7.500000 1.511167 1.511167 0.999385 -0.011992 0.011993 0.000000 1.496231 1.496231 -0.000392 1.512500 1.512500 1.000000
7.550000 1.538833 1.538833 0.999392 -0.011553 0.011554 0.000000 1.525181 1.525181 -0.000421 1.540125 1.540125 1.000000
7.600000 1.566758 1.566758 0.999400 -0.011084 0.011084 0.000000 1.554466 1.554466 -0.000449 1.568000 1.568000 1.000000
7.650000 1.594942 1.594942 0.999408 -0.010595 0.010595 0.000000 1.584055 1.584054 -0.000473 1.596125 1.596125 1.000000
7.700000 1.623382 1.623382 0.999416 -0.010097 0.010098 0.000000 1.613911 1.613911 -0.000495 1.624500 1.624500 1.000000
7.750000 1.652078 1.652077 0.999423 -0.009604 0.009604 0.000000 1.644000 1.644000 -0.000512 1.653125 1.653125 1.000000
7.800000 1.681026 1.681026 0.999430 -0.009125 0.009125 -0.000000 1.674289 1.674289 -0.000525 1.682000 1.682000 1.000000
7.850000 1.710226 1.710226 0.999436 -0.008672 0.008673 -0.000000 1.704744 1.704744 -0.000534 1.711125 1.711125 1.000000
7.900000 1.739674 1.739674 0.999441 -0.008256 0.008257 -0.000000 1.735334 1.735334 -0.000541 1.740500 1.740500 1.000000
7.950000 1.769370 1.769370 0.999444 -0.007886 0.007887 -0.000000 1.766032 1.766032 -0.000544 1.770125 1.770125 1.000000
8.000000 1.799311 1.799311 0.999447 -0.007571 0.007571 -0.000000 1.796812 1.796812 -0.000546 1.800000 1.800000 1.000000
8.050000 1.829495 1.829495 0.999450 -0.007317 0.007318 -0.000000 1.827655 1.827655 -0.000547 1.830125 1.830125 1.000000
8.100000 1.859921 1.859921 0.999451 -0.007131 0.007131 -0.000000 1.858543 1.858543 -0.000547 1.860500 1.860500 1.000000
8.150000 1.890587 1.890587 0.999452 -0.007016 0.007016 -0.000000 1.889466 1.889466 -0.000547 1.891125 1.891125 1.000000
8.200000 1.921493 1.921493 0.999452 -0.006975 0.006975 -0.000000 1.920417 1.920417 -0.000546 1.922000 1.922000 1.000000
8.250000 1.952636 1.952636 0.999453 -0.007008 0.007008 -0.000000 1.951394 1.951395 -0.000545 1.953125 1.953125 1.000000
8.300000 1.984017 1.984017 0.999454 -0.007114 0.007115 -0.000000 1.982403 1.982403 -0.000544 1.984500 1.984500 1.000000
8.350000 2.015635 2.015635 0.999455 -0.007291 0.007292 -0.000000 2.013451 2.013451 -0.000541 2.016125 2.016125 1.000000
8.400000 2.047490 2.047490 0.999456 -0.007535 0.007535 -0.000000 2.044553 2.044553 -0.000535 2.048000 2.048000 1.000000
8.450000 2.079582 2.079582 0.999458 -0.007839 0.007839 -0.000000 2.075727 2.075727 -0.000527 2.080125 2.080125 1.000000
8.500000 2.111911 2.111911 0.999460 -0.008196 0.008196 -0.000000 2.106996 2.106996 -0.000516 2.112500 2.112500 1.000000
8.550000 2.144479 2.144479 0.999462 -0.008597 0.008597 -0.000000 2.138384 2.138384 -0.000501 2.145125 2.145125 1.000000
8.600000 2.177287 2.177286 0.999465 -0.009034 0.009034 -0.000000 2.169922 2.169922 -0.000481 2.178000 2.178000 1.000000
8.650000 2.210334 2.210334 0.999467 -0.009495 0.009496 -0.000000 2.201641 2.201641 -0.000457 2.211125 2.211125 1.000000
8.700000 2.243624 2.243624 0.999470 -0.009971 0.009971 -0.000000 2.233572 2.233572 -0.000429 2.244500 2.244500 1.000000
8.750000 2.277158 2.277158 0.999472 -0.010449 0.010449 -0.000000 2.265749 2.265749 -0.000398 2.278125 2.278125 1.000000
8.800000 2.310938 2.310938 0.999473 -0.010919 0.010920 0.000000 2.298206 2.298206 -0.000364 2.312000 2.312000 1.000000
8.850000 2.344965 2.344965 0.999474 -0.011370 0.011371 0.000000 2.330975 2.330975 -0.000330 2.346125 2.346125 1.000000
8.900000 2.379241 2.379241 0.999475 -0.011791 0.011792 0.000000 2.364087 2.364086 -0.000296 2.380500 2.380500 1.000000
8.950000 2.413769 2.413769 0.999474 -0.012173 0.012174 0.000000 2.397569 2.397569 -0.000264 2.415125 2.415125 1.000000
9.000000 2.448549 2.448549 0.999473 -0.012507 0.012508 0.000000 2.431449 2.431449 -0.000235 2.450000 2.450000 1.000000
9.050000 2.483585 2.483585 0.999471 -0.012786 0.012787 0.000000 2.465748 2.465748 -0.000211 2.485125 2.485125 1.000000
9.100000 2.518878 2.518878 0.999469 -0.013003 0.013004 0.000000 2.500484 2.500484 -0.000193 2.520500 2.520500 1.000000
9.150000 2.554428 2.554428 0.999467 -0.013153 0.013154 0.000000 2.535671 2.535671 -0.000181 2.556125 2.556125 1.000000
9.200000 2.590239 2.590238 0.999465 -0.013234 0.013235 0.000000 2.571318 2.571318 -0.000177 2.592000 2.592000 1.000000
9.250000 2.626309 2.626309 0.999463 -0.013244 0.013245 0.000000 2.607429 2.607429 -0.000181 2.628125 2.628125 1.000000
9.300000 2.662641 2.662641 0.999461 -0.013183 0.013184 0.000000 2.644004 2.644004 -0.000191 2.664500 2.664500 1.000000
9.350000 2.699235 2.699235 0.999461 -0.013052 0.013054 0.000000 2.681035 2.681035 -0.000208 2.701125 2.701125 1.000000
9.400000 2.736091 2.736091 0.999461 -0.012856 0.012857 0.000000 2.718514 2.718513 -0.000230 2.738000 2.738000 1.000000
9.450000 2.773210 2.773209 0.999462 -0.012598 0.012599 0.000000 2.756424 2.756423 -0.000256 2.775125 2.775125 1.000000
9.500000 2.810590 2.810590 0.999464 -0.012285 0.012286 0.000000 2.794746 2.794745 -0.000285 2.812500 2.812500 1.000000
9.550000 2.848231 2.848231 0.999467 -0.011924 0.011925 0.000000 2.833457 2.833457 -0.000315 2.850125 2.850125 1.000000
9.600000 2.886133 2.886133 0.999471 -0.011524 0.011525 0.000000 2.872532 2.872531 -0.000344 2.888000 2.888000 1.000000
9.650000 2.924295 2.924294 0.999475 -0.011094 0.011095 0.000000 2.911940 2.911940 -0.000373 2.926125 2.926125 1.000000
9.700000 2.962714 2.962714 0.999479 -0.010644 0.010645 0.000000 2.951653 2.951653 -0.000399 2.964500 2.964500 1.000000
9.750000 3.001390 3.001390 0.999484 -0.010185 0.010186 0.000000 2.991638 2.991638 -0.000421 3.003125 3.003125 1.000000
9.800000 3.040321 3.040321 0.999488 -0.009727 0.009728 0.000000 3.031863 3.031863 -0.000441 3.042000 3.042000 1.000000
9.850000 3.079505 3.079505 0.999491 -0.009282 0.009282 0.000000 3.072297 3.072297 -0.000457 3.081125 3.081125 1.000000
9.900000 3.118941 3.118941 0.999495 -0.008859 0.008859 0.000000 3.112908 3.112908 -0.000469 3.120500 3.120500 1.000000
9.950000 3.158626 3.158626 0.999497 -0.008468 0.008468 -0.000000 3.153668 3.153668 -0.000478 3.160125 3.160125 1.000000
10.000000 3.198558 3.198558 0.999499 -0.008118 0.008118 -0.000000 3.194551 3.194551 -0.000485 3.200000 3.200000 1.000000
