0.000000 0.000000 -0.232000 2.000000
0.000000 0.000000 0.232000 2.000000


0.050000 0.000000 -0.232000 1.992370
0.050000 0.000000 0.232000 1.992370


0.100000 0.000000 -0.232000 1.979313
0.100000 0.000000 0.232000 1.979313


0.150000 0.000000 -0.232000 1.966560
0.150000 0.000000 0.232000 1.966560


0.200000 0.000000 -0.232000 1.955261
0.200000 0.000000 0.232000 1.955261


0.250000 0.000000 -0.232000 1.945519
0.250000 0.000000 0.232000 1.945519


0.300000 0.000000 -0.232000 1.937211
0.300000 0.000000 0.232000 1.937211


0.350000 0.000000 -0.232000 1.930179
0.350000 0.000000 0.232000 1.930179


0.400000 0.000000 -0.232000 1.924273
0.400000 0.000000 0.232000 1.924273


0.450000 0.000000 -0.232000 1.919357
0.450000 0.000000 0.232000 1.919357


0.500000 0.000000 -0.232000 1.915309
0.500000 0.000000 0.232000 1.915309


0.550000 0.000000 -0.232000 1.912023
0.550000 0.000000 0.232000 1.912023


0.600000 0.000000 -0.232000 1.909404
0.600000 0.000000 0.232000 1.909404


0.650000 0.000000 -0.232000 1.907369
0.650000 0.000000 0.232000 1.907369


0.700000 0.000000 -0.232000 1.905844
0.700000 0.000000 0.232000 1.905844


0.750000 0.000000 -0.232000 1.904764
0.750000 0.000000 0.232000 1.904764


0.800000 0.000000 -0.232000 1.904072
0.800000 0.000000 0.232000 1.904072


0.850000 0.000000 -0.232000 1.903717
0.850000 0.000000 0.232000 1.903717


0.900000 0.000000 -0.232000 1.903654
0.900000 0.000000 0.232000 1.903654


0.950000 0.000000 -0.232000 1.903845
0.950000 0.000000 0.232000 1.903845


1.000000 0.000000 -0.232000 1.904254
1.000000 0.000000 0.232000 1.904254


1.050000 0.000000 -0.232000 1.904851
1.050000 0.000000 0.232000 1.904851


1.100000 0.000000 -0.232000 1.905609
1.100000 0.000000 0.232000 1.905609


1.150000 0.000000 -0.232000 1.906504
1.150000 0.000000 0.232000 1.906504


1.200000 0.000000 -0.232000 1.907516
1.200000 0.000000 0.232000 1.907516


1.250000 0.000000 -0.232000 1.908626
1.250000 0.000000 0.232000 1.908626


1.300000 0.000000 -0.232000 1.909818
1.300000 0.000000 0.232000 1.909818


1.350000 0.000000 -0.232000 1.911078
1.350000 0.000000 0.232000 1.911078


1.400000 0.000000 -0.232000 1.912393
1.400000 0.000000 0.232000 1.912393


1.450000 0.000000 -0.232000 1.913753
1.450000 0.000000 0.232000 1.913753


1.500000 0.000000 -0.232000 1.915148
1.500000 0.000000 0.232000 1.915148


1.550000 0.000000 -0.232000 1.916569
1.550000 0.000000 0.232000 1.916569


1.600000 0.000000 -0.232000 1.918010
1.600000 0.000000 0.232000 1.918010


1.650000 0.000000 -0.232000 1.919465
1.650000 0.000000 0.232000 1.919465


1.700000 0.000000 -0.232000 1.920927
1.700000 0.000000 0.232000 1.920927


1.750000 0.000000 -0.232000 1.922392
1.750000 0.000000 0.232000 1.922392


1.800000 0.000000 -0.232000 1.923855
1.800000 0.000000 0.232000 1.923855


1.850000 0.000000 -0.232000 1.925314
1.850000 0.000000 0.232000 1.925314


1.900000 0.000000 -0.232000 1.926765
1.900000 0.000000 0.232000 1.926765


1.950000 0.000000 -0.232000 1.928205
1.950000 0.000000 0.232000 1.928205


2.000000 0.000000 -0.232000 1.929632
2.000000 0.000000 0.232000 1.929632


2.050000 0.000482 -0.232000 1.931045
2.050000 0.000482 0.232000 1.931045


2.100000 0.003021 -0.232000 1.932442
2.100000 0.003021 0.232000 1.932442


2.150000 0.008030 -0.232000 1.933824
2.150000 0.008030 0.232000 1.933824


2.200000 0.015547 -0.232000 1.935193
2.200000 0.015547 0.232000 1.935193


2.250000 0.025571 -0.232000 1.936550
2.250000 0.025571 0.232000 1.936550


2.300000 0.038090 -0.232000 1.937894
2.300000 0.038090 0.232000 1.937894


2.350000 0.053098 -0.232000 1.939224
2.350000 0.053098 0.232000 1.939224


2.400000 0.070585 -0.232000 1.940536
2.400000 0.070585 0.232000 1.940536


2.450000 0.090547 -0.232000 1.941826
2.450000 0.090547 0.232000 1.941826


2.500000 0.112979 -0.232000 1.943092
2.500000 0.112979 0.232000 1.943092


2.550000 0.137401 -0.232000 1.944315
2.550000 0.137401 0.232000 1.944315


2.600000 0.162244 -0.232000 1.945470
2.600000 0.162244 0.232000 1.945470


2.650000 0.187098 -0.232000 1.946569
2.650000 0.187098 0.232000 1.946569


2.700000 0.211927 -0.232000 1.947626
2.700000 0.211927 0.232000 1.947626


2.750000 0.236743 -0.232000 1.948653
2.750000 0.236743 0.232000 1.948653


2.800000 0.261562 -0.232000 1.949658
2.800000 0.261562 0.232000 1.949658


2.850000 0.286402 -0.232000 1.950654
2.850000 0.286402 0.232000 1.950654


2.900000 0.311279 -0.232000 1.951647
2.900000 0.311279 0.232000 1.951647


2.950000 0.336211 -0.232000 1.952644
2.950000 0.336211 0.232000 1.952644


3.000000 0.361213 -0.232000 1.953649
3.000000 0.361213 0.232000 1.953649


3.050000 nan nan nan
3.050000 nan nan nan


3.100000 nan nan nan
3.100000 nan nan nan


3.150000 nan nan nan
3.150000 nan nan nan


3.200000 nan nan nan
3.200000 nan nan nan


3.250000 nan nan nan
3.250000 nan nan nan


3.300000 nan nan nan
3.300000 nan nan nan


3.350000 nan nan nan
3.350000 nan nan nan


3.400000 nan nan nan
3.400000 nan nan nan


3.450000 nan nan nan
3.450000 nan nan nan


3.500000 nan nan nan
3.500000 nan nan nan


3.550000 nan nan nan
3.550000 nan nan nan


3.600000 nan nan nan
3.600000 nan nan nan


3.650000 nan nan nan
3.650000 nan nan nan


3.700000 nan nan nan
3.700000 nan nan nan


3.750000 nan nan nan
3.750000 nan nan nan


3.800000 nan nan nan
3.800000 nan nan nan


3.850000 nan nan nan
3.850000 nan nan nan


3.900000 nan nan nan
3.900000 nan nan nan


3.950000 nan nan nan
3.950000 nan nan nan


4.000000 nan nan nan
4.000000 nan nan nan


4.050000 nan nan nan
4.050000 nan nan nan


4.100000 nan nan nan
4.100000 nan nan nan


4.150000 nan nan nan
4.150000 nan nan nan


4.200000 nan nan nan
4.200000 nan nan nan


4.250000 nan nan nan
4.250000 nan nan nan


4.300000 nan nan nan
4.300000 nan nan nan


4.350000 nan nan nan
4.350000 nan nan nan


4.400000 nan nan nan
4.400000 nan nan nan


4.450000 nan nan nan
4.450000 nan nan nan


4.500000 nan nan nan
4.500000 nan nan nan


4.550000 nan nan nan
4.550000 nan nan nan


4.600000 nan nan nan
4.600000 nan nan nan


4.650000 nan nan nan
4.650000 nan nan nan


4.700000 nan nan nan
4.700000 nan nan nan


4.750000 nan nan nan
4.750000 nan nan nan


4.800000 nan nan nan
4.800000 nan nan nan


4.850000 nan nan nan
4.850000 nan nan nan


4.900000 nan nan nan
4.900000 nan nan nan


4.950000 nan nan nan
4.950000 nan nan nan


5.000000 nan nan nan
5.000000 nan nan nan


5.050000 nan nan nan
5.050000 nan nan nan


5.100000 nan nan nan
5.100000 nan nan nan


5.150000 nan nan nan
5.150000 nan nan nan


5.200000 nan nan nan
5.200000 nan nan nan


5.250000 nan nan nan
5.250000 nan nan nan


5.300000 nan nan nan
5.300000 nan nan nan


5.350000 nan nan nan
5.350000 nan nan nan


5.400000 nan nan nan
5.400000 nan nan nan


5.450000 nan nan nan
5.450000 nan nan nan


5.500000 nan nan nan
5.500000 nan nan nan


5.550000 nan nan nan
5.550000 nan nan nan


5.600000 nan nan nan
5.600000 nan nan nan


5.650000 nan nan nan
5.650000 nan nan nan


5.700000 nan nan nan
5.700000 nan nan nan


5.750000 nan nan nan
5.750000 nan nan nan


5.800000 nan nan nan
5.800000 nan nan nan


5.850000 nan nan nan
5.850000 nan nan nan


5.900000 nan nan nan
5.900000 nan nan nan


5.950000 nan nan nan
5.950000 nan nan nan


6.000000 nan nan nan
6.000000 nan nan nan


6.050000 nan nan nan
6.050000 nan nan nan


6.100000 nan nan nan
6.100000 nan nan nan


6.150000 nan nan nan
6.150000 nan nan nan


6.200000 nan nan nan
6.200000 nan nan nan


6.250000 nan nan nan
6.250000 nan nan nan


6.300000 nan nan nan
6.300000 nan nan nan


6.350000 nan nan nan
6.350000 nan nan nan


6.400000 nan nan nan
6.400000 nan nan nan


6.450000 nan nan nan
6.450000 nan nan nan


6.500000 nan nan nan
6.500000 nan nan nan


6.550000 nan nan nan
6.550000 nan nan nan


6.600000 nan nan nan
6.600000 nan nan nan


6.650000 nan nan nan
6.650000 nan nan nan


6.700000 nan nan nan
6.700000 nan nan nan


6.750000 nan nan nan
6.750000 nan nan nan


6.800000 nan nan nan
6.800000 nan nan nan


6.850000 nan nan nan
6.850000 nan nan nan


6.900000 nan nan nan
6.900000 nan nan nan


6.950000 nan nan nan
6.950000 nan nan nan


7.000000 nan nan nan
7.000000 nan nan nan


7.050000 nan nan nan
7.050000 nan nan nan


7.100000 nan nan nan
7.100000 nan nan nan


7.150000 nan nan nan
7.150000 nan nan nan


7.200000 nan nan nan
7.200000 nan nan nan


7.250000 nan nan nan
7.250000 nan nan nan


7.300000 nan nan nan
7.300000 nan nan nan


7.350000 nan nan nan
7.350000 nan nan nan


7.400000 nan nan nan
7.400000 nan nan nan


7.450000 nan nan nan
7.450000 nan nan nan


7.500000 nan nan nan
7.500000 nan nan nan


7.550000 nan nan nan
7.550000 nan nan nan


7.600000 nan nan nan
7.600000 nan nan nan


7.650000 nan nan nan
7.650000 nan nan nan


7.700000 nan nan nan
7.700000 nan nan nan


7.750000 nan nan nan
7.750000 nan nan nan


7.800000 nan nan nan
7.800000 nan nan nan


7.850000 nan nan nan
7.850000 nan nan nan


7.900000 nan nan nan
7.900000 nan nan nan


7.950000 nan nan nan
7.950000 nan nan nan


