0.000000 0.000000 0.000000 2.000000 0.000000 0.000000 0.000000 0.000000 0.000000 1.000000 0.000000 0.000000 2.000000
0.050000 0.003442 0.000000 1.999988 0.000000 0.210775 0.000000 0.000006 0.000000 0.999994 0.003750 0.000000 2.000000
0.100000 0.014549 0.000000 2.000002 0.000000 0.211605 0.000000 0.000108 0.000000 1.000106 0.015000 0.000000 2.000000
0.150000 0.033210 0.000000 2.000135 0.000000 0.216678 0.000000 0.000581 0.000000 1.000667 0.033750 0.000000 2.000000
0.200000 0.059395 0.000000 2.000486 0.000000 0.224790 0.000000 0.001890 0.000000 1.002141 0.060000 0.000000 2.000000
0.250000 0.093088 0.000000 2.001129 0.000000 0.235650 0.000000 0.004697 0.000000 1.005043 0.093750 0.000000 2.000000
0.300000 0.134277 0.000000 2.002100 0.000000 0.248958 0.000000 0.009852 0.000000 1.009871 0.135000 0.000000 2.000000
0.350000 0.182948 0.000000 2.003384 0.000000 0.264276 0.000000 0.018369 0.000000 1.017020 0.183750 0.000000 2.000000
0.400000 0.239086 0.000000 2.004917 0.000000 0.280981 0.000000 0.031396 0.000000 1.026722 0.240000 0.000000 2.000000
0.450000 0.302678 0.000000 2.006587 0.000000 0.298266 0.000000 0.050164 0.000000 1.038994 0.303750 0.000000 2.000000
0.500000 0.373715 0.000000 2.008247 0.000000 0.315199 0.000000 0.075929 0.000000 1.053614 0.375000 0.000000 2.000000
0.550000 0.448606 0.000000 2.009118 0.000000 0.114633 0.000000 0.109349 0.000000 1.068425 0.450000 0.000000 2.000000
0.600000 0.523381 0.000000 2.008631 0.000000 0.122927 0.000000 0.150663 0.000000 1.080686 0.525000 0.000000 2.000000
0.650000 0.598243 0.000000 2.006998 0.000000 0.125566 0.000000 0.200430 0.000000 1.089532 0.600000 0.000000 2.000000
0.700000 0.673266 0.000000 2.004434 0.000000 0.125013 0.000000 0.259027 0.000000 1.094266 0.675000 0.000000 2.000000
0.750000 0.748471 0.000000 2.001191 0.000000 0.122381 0.000000 0.326714 0.000000 1.094483 0.750000 0.000000 2.000000
0.800000 0.823851 0.000000 1.997564 0.000000 0.118389 0.000000 0.403670 0.000000 1.090124 0.825000 0.000000 2.000000
0.850000 0.899373 0.000000 1.993878 0.000000 0.113423 0.000000 0.490004 0.000000 1.081509 0.900000 0.000000 2.000000
0.900000 0.974983 0.000000 1.990468 0.000000 0.107554 0.000000 0.585740 0.000000 1.069333 0.975000 0.000000 2.000000
0.950000 1.050618 0.000000 1.987658 0.000000 0.100567 0.000000 0.690775 0.000000 1.054645 1.050000 0.000000 2.000000
1.000000 1.126207 0.000000 1.985729 0.000000 0.092030 0.000000 0.804816 0.000000 1.038783 1.125000 0.000000 2.000000
1.050000 1.204743 0.000000 1.985328 0.000000 0.283855 0.000000 0.927692 0.000000 1.024473 1.203309 0.000000 2.000000
1.100000 1.290712 0.000000 1.986487 0.000000 0.277000 0.000000 1.058721 0.000000 1.013769 1.289104 0.000000 2.000000
1.150000 1.384004 0.000000 1.988446 0.000000 0.269160 0.000000 1.196387 0.000000 1.006204 1.382399 0.000000 2.000000
1.200000 1.484656 0.000000 1.990729 0.000000 0.259418 0.000000 1.339295 0.000000 1.001350 1.483194 0.000000 2.000000
1.250000 1.592732 0.000000 1.993009 0.000000 0.248531 0.000000 1.486169 0.000000 0.998703 1.591489 0.000000 2.000000
1.300000 1.708286 0.000000 1.995061 0.000000 0.237501 0.000000 1.635882 0.000000 0.997686 1.707284 0.000000 2.000000
1.350000 1.831352 0.000000 1.996747 0.000000 0.227281 0.000000 1.787484 0.000000 0.997710 1.830579 0.000000 2.000000
1.400000 1.961945 0.000000 1.998006 0.000000 0.218643 0.000000 1.940214 0.000000 0.998243 1.961374 0.000000 2.000000
1.450000 2.100064 0.000000 1.998844 0.000000 0.212138 0.000000 2.093505 0.000000 0.998866 2.099669 0.000000 2.000000
1.500000 2.245705 0.000000 1.999323 0.000000 0.208109 0.000000 2.246976 0.000000 0.999323 2.245464 0.000000 2.000000
1.550000 2.395845 0.000000 1.999551 0.000000 -0.005498 0.000000 2.400430 0.000000 0.999562 2.395450 0.000000 2.000000
1.600000 2.545858 0.000000 1.999649 0.000000 -0.003886 0.000000 2.553773 0.000000 0.999680 2.545450 0.000000 2.000000
1.650000 2.695816 0.000000 1.999682 0.000000 -0.004152 0.000000 2.706924 0.000000 0.999744 2.695450 0.000000 2.000000
1.700000 2.845750 0.000000 1.999682 0.000000 -0.004748 0.000000 2.859804 0.000000 0.999781 2.845450 0.000000 2.000000
1.750000 2.995673 0.000000 1.999666 0.000000 -0.005411 0.000000 3.012342 0.000000 0.999805 2.995450 0.000000 2.000000
1.800000 3.145589 0.000000 1.999640 0.000000 -0.006028 0.000000 3.164472 0.000000 0.999818 3.145450 0.000000 2.000000
1.850000 3.295504 0.000000 1.999608 0.000000 -0.006542 0.000000 3.316142 0.000000 0.999821 3.295450 0.000000 2.000000
1.900000 3.445418 0.000000 1.999574 0.000000 -0.006917 0.000000 3.467306 0.000000 0.999814 3.445450 0.000000 2.000000
1.950000 3.595331 0.000000 1.999538 0.000000 -0.007132 0.000000 3.617935 0.000000 0.999793 3.595450 0.000000 2.000000
2.000000 3.745244 0.000000 1.999501 0.000000 -0.007178 0.000000 3.768010 0.000000 0.999760 3.745450 0.000000 2.000000
2.050000 3.895158 0.000000 1.999465 0.000000 -0.007051 0.000000 3.917528 0.000000 0.999715 3.895450 0.000000 2.000000
2.100000 4.045072 0.000000 1.999430 0.000000 -0.006751 0.000000 4.066497 0.000000 0.999660 4.045450 0.000000 2.000000
2.150000 4.194986 0.000000 1.999399 0.000000 -0.006287 0.000000 4.214941 0.000000 0.999598 4.195450 0.000000 2.000000
2.200000 4.344901 0.000000 1.999370 0.000000 -0.005668 0.000000 4.362895 0.000000 0.999532 4.345450 0.000000 2.000000
2.250000 4.494816 0.000000 1.999346 0.000000 -0.004910 0.000000 4.510407 0.000000 0.999467 4.495450 0.000000 2.000000
2.300000 4.644732 0.000000 1.999325 0.000000 -0.004031 0.000000 4.657536 0.000000 0.999407 4.645450 0.000000 2.000000
2.350000 4.794648 0.000000 1.999309 0.000000 -0.003051 0.000000 4.804349 0.000000 0.999356 4.795450 0.000000 2.000000
2.400000 4.944565 0.000000 1.999297 0.000000 -0.001996 0.000000 4.950924 0.000000 0.999318 4.945450 0.000000 2.000000
2.450000 5.094482 0.000000 1.999289 0.000000 -0.000891 0.000000 5.097340 0.000000 0.999293 5.095450 0.000000 2.000000
2.500000 5.244399 0.000000 1.999283 0.000000 0.000238 0.000000 5.243685 0.000000 0.999283 5.245450 0.000000 2.000000
2.550000 5.394317 0.000000 1.999278 0.000000 0.001362 0.000000 5.390046 0.000000 0.999287 5.395450 0.000000 2.000000
2.600000 5.544236 0.000000 1.999273 0.000000 0.002454 0.000000 5.536509 0.000000 0.999303 5.545450 0.000000 2.000000
2.650000 5.694155 0.000000 1.999269 0.000000 0.003486 0.000000 5.683160 0.000000 0.999329 5.695450 0.000000 2.000000
2.700000 5.844074 0.000000 1.999262 0.000000 0.004433 0.000000 5.830079 0.000000 0.999360 5.845450 0.000000 2.000000
2.750000 5.993993 0.000000 1.999254 0.000000 0.005273 0.000000 5.977340 0.000000 0.999392 5.995450 0.000000 2.000000
2.800000 6.143914 0.000000 1.999242 0.000000 0.005984 0.000000 6.125008 0.000000 0.999421 6.145450 0.000000 2.000000
2.850000 6.293834 0.000000 1.999229 0.000000 0.006548 0.000000 6.273137 0.000000 0.999443 6.295450 0.000000 2.000000
2.900000 6.443755 0.000000 1.999212 0.000000 0.006953 0.000000 6.421773 0.000000 0.999454 6.445450 0.000000 2.000000
2.950000 6.593677 0.000000 1.999194 0.000000 0.007187 0.000000 6.570947 0.000000 0.999453 6.595450 0.000000 2.000000
3.000000 6.743598 0.000000 1.999175 0.000000 0.007246 0.000000 6.720677 0.000000 0.999438 6.745450 0.000000 2.000000
3.050000 6.893521 0.000000 1.999156 0.000000 0.007129 0.000000 6.870968 0.000000 0.999410 6.895450 0.000000 2.000000
3.100000 7.043443 0.000000 1.999138 0.000000 0.006837 0.000000 7.021813 0.000000 0.999371 7.045450 0.000000 2.000000
3.150000 7.193366 0.000000 1.999121 0.000000 0.006377 0.000000 7.173187 0.000000 0.999324 7.195450 0.000000 2.000000
3.200000 7.343290 0.000000 1.999107 0.000000 0.005762 0.000000 7.325058 0.000000 0.999273 7.345450 0.000000 2.000000
3.250000 7.493213 0.000000 1.999096 0.000000 0.005006 0.000000 7.477375 0.000000 0.999221 7.495450 0.000000 2.000000
3.300000 7.643137 0.000000 1.999089 0.000000 0.004127 0.000000 7.630083 0.000000 0.999174 7.645450 0.000000 2.000000
3.350000 7.793061 0.000000 1.999085 0.000000 0.003146 0.000000 7.783111 0.000000 0.999134 7.795450 0.000000 2.000000
3.400000 7.942984 0.000000 1.999085 0.000000 0.002087 0.000000 7.936385 0.000000 0.999106 7.945450 0.000000 2.000000
3.450000 8.092908 0.000000 1.999087 0.000000 0.000977 0.000000 8.089823 0.000000 0.999092 8.095450 0.000000 2.000000
3.500000 8.242833 0.000000 1.999091 0.000000 -0.000158 0.000000 8.243338 0.000000 0.999092 8.245450 0.000000 2.000000
3.550000 8.392757 0.000000 1.999097 0.000000 -0.001290 0.000000 8.396842 0.000000 0.999105 8.395450 0.000000 2.000000
3.600000 8.542681 0.000000 1.999102 0.000000 -0.002391 0.000000 8.550248 0.000000 0.999131 8.545450 0.000000 2.000000
3.650000 8.692605 0.000000 1.999106 0.000000 -0.003434 0.000000 8.703470 0.000000 0.999165 8.695450 0.000000 2.000000
3.700000 8.842529 0.000000 1.999109 0.000000 -0.004392 0.000000 8.856427 0.000000 0.999205 8.845450 0.000000 2.000000
3.750000 8.992453 0.000000 1.999108 0.000000 -0.005243 0.000000 9.009046 0.000000 0.999246 8.995450 0.000000 2.000000
3.800000 9.142377 0.000000 1.999105 0.000000 -0.005966 0.000000 9.161259 0.000000 0.999283 9.145450 0.000000 2.000000
3.850000 9.292301 0.000000 1.999099 0.000000 -0.006543 0.000000 9.313010 0.000000 0.999313 9.295450 0.000000 2.000000
3.900000 9.442225 0.000000 1.999089 0.000000 -0.006959 0.000000 9.464255 0.000000 0.999332 9.445450 0.000000 2.000000
3.950000 9.592149 0.000000 1.999078 0.000000 -0.007205 0.000000 9.614961 0.000000 0.999338 9.595450 0.000000 2.000000
4.000000 9.742073 0.000000 1.999065 0.000000 -0.007275 0.000000 9.765109 0.000000 0.999330 9.745450 0.000000 2.000000
4.050000 9.891996 0.000000 1.999051 0.000000 -0.007167 0.000000 9.914692 0.000000 0.999309 9.895450 0.000000 2.000000
4.100000 10.041919 0.000000 1.999038 0.000000 -0.006883 0.000000 10.063719 0.000000 0.999276 10.045450 0.000000 2.000000
4.150000 10.191843 0.000000 1.999026 0.000000 -0.006431 0.000000 10.212212 0.000000 0.999234 10.195450 0.000000 2.000000
4.200000 10.341766 0.000000 1.999017 0.000000 -0.005821 0.000000 10.360204 0.000000 0.999187 10.345450 0.000000 2.000000
4.250000 10.491689 0.000000 1.999011 0.000000 -0.005069 0.000000 10.507744 0.000000 0.999140 10.495450 0.000000 2.000000
4.300000 10.641612 0.000000 1.999008 0.000000 -0.004192 0.000000 10.654889 0.000000 0.999096 10.645450 0.000000 2.000000
4.350000 10.791536 0.000000 1.999008 0.000000 -0.003211 0.000000 10.801707 0.000000 0.999060 10.795450 0.000000 2.000000
4.400000 10.941459 0.000000 1.999012 0.000000 -0.002151 0.000000 10.948275 0.000000 0.999035 10.945450 0.000000 2.000000
4.450000 11.091382 0.000000 1.999018 0.000000 -0.001037 0.000000 11.094673 0.000000 0.999023 11.095450 0.000000 2.000000
4.500000 11.241306 0.000000 1.999026 0.000000 0.000103 0.000000 11.240989 0.000000 0.999026 11.245450 0.000000 2.000000
4.550000 11.391230 0.000000 1.999035 0.000000 0.001241 0.000000 11.387311 0.000000 0.999042 11.395450 0.000000 2.000000
4.600000 11.541153 0.000000 1.999043 0.000000 0.002350 0.000000 11.533728 0.000000 0.999071 11.545450 0.000000 2.000000
4.650000 11.691077 0.000000 1.999051 0.000000 0.003402 0.000000 11.680325 0.000000 0.999109 11.695450 0.000000 2.000000
4.700000 11.841001 0.000000 1.999056 0.000000 0.004371 0.000000 11.827183 0.000000 0.999152 11.845450 0.000000 2.000000
4.750000 11.990926 0.000000 1.999059 0.000000 0.005232 0.000000 11.974379 0.000000 0.999196 11.995450 0.000000 2.000000
4.800000 12.140850 0.000000 1.999058 0.000000 0.005966 0.000000 12.121979 0.000000 0.999236 12.145450 0.000000 2.000000
4.850000 12.290775 0.000000 1.999055 0.000000 0.006554 0.000000 12.270040 0.000000 0.999270 12.295450 0.000000 2.000000
4.900000 12.440699 0.000000 1.999048 0.000000 0.006981 0.000000 12.418609 0.000000 0.999292 12.445450 0.000000 2.000000
4.950000 12.590624 0.000000 1.999039 0.000000 0.007238 0.000000 12.567717 0.000000 0.999301 12.595450 0.000000 2.000000
5.000000 12.740550 0.000000 1.999028 0.000000 0.007318 0.000000 12.717387 0.000000 0.999296 12.745450 0.000000 2.000000
5.050000 12.890475 0.000000 1.999016 0.000000 0.007218 0.000000 12.867624 0.000000 0.999277 12.895450 0.000000 2.000000
5.100000 13.040401 0.000000 1.999005 0.000000 0.006942 0.000000 13.018421 0.000000 0.999246 13.045450 0.000000 2.000000
5.150000 13.190327 0.000000 1.998994 0.000000 0.006497 0.000000 13.169757 0.000000 0.999206 13.195450 0.000000 2.000000
5.200000 13.340253 0.000000 1.998987 0.000000 0.005892 0.000000 13.321597 0.000000 0.999161 13.345450 0.000000 2.000000
5.250000 13.490179 0.000000 1.998982 0.000000 0.005143 0.000000 13.473896 0.000000 0.999114 13.495450 0.000000 2.000000
5.300000 13.640105 0.000000 1.998980 0.000000 0.004267 0.000000 13.626595 0.000000 0.999071 13.645450 0.000000 2.000000
5.350000 13.790031 0.000000 1.998982 0.000000 0.003286 0.000000 13.779627 0.000000 0.999036 13.795450 0.000000 2.000000
5.400000 13.939957 0.000000 1.998986 0.000000 0.002224 0.000000 13.932915 0.000000 0.999011 13.945450 0.000000 2.000000
5.450000 14.089883 0.000000 1.998994 0.000000 0.001106 0.000000 14.086377 0.000000 0.999000 14.095450 0.000000 2.000000
5.500000 14.239809 0.000000 1.999003 0.000000 -0.000039 0.000000 14.239928 0.000000 0.999003 14.245450 0.000000 2.000000
5.550000 14.389735 0.000000 1.999013 0.000000 -0.001184 0.000000 14.393477 0.000000 0.999020 14.395450 0.000000 2.000000
5.600000 14.539661 0.000000 1.999023 0.000000 -0.002301 0.000000 14.546936 0.000000 0.999050 14.545450 0.000000 2.000000
5.650000 14.689587 0.000000 1.999032 0.000000 -0.003363 0.000000 14.700218 0.000000 0.999088 14.695450 0.000000 2.000000
5.700000 14.839513 0.000000 1.999039 0.000000 -0.004342 0.000000 14.853242 0.000000 0.999133 14.845450 0.000000 2.000000
5.750000 14.989438 0.000000 1.999042 0.000000 -0.005214 0.000000 15.005931 0.000000 0.999178 14.995450 0.000000 2.000000
5.800000 15.139364 0.000000 1.999043 0.000000 -0.005960 0.000000 15.158217 0.000000 0.999221 15.145450 0.000000 2.000000
5.850000 15.289289 0.000000 1.999040 0.000000 -0.006559 0.000000 15.310042 0.000000 0.999255 15.295450 0.000000 2.000000
5.900000 15.439214 0.000000 1.999034 0.000000 -0.006998 0.000000 15.461359 0.000000 0.999279 15.445450 0.000000 2.000000
5.950000 15.589139 0.000000 1.999026 0.000000 -0.007265 0.000000 15.612135 0.000000 0.999290 15.595450 0.000000 2.000000
6.000000 15.739063 0.000000 1.999015 0.000000 -0.007355 0.000000 15.762348 0.000000 0.999287 15.745450 0.000000 2.000000
6.050000 15.888988 0.000000 1.999004 0.000000 -0.007265 0.000000 15.911990 0.000000 0.999269 15.895450 0.000000 2.000000
6.100000 16.038912 0.000000 1.998993 0.000000 -0.006998 0.000000 16.061069 0.000000 0.999239 16.045450 0.000000 2.000000
6.150000 16.188836 0.000000 1.998984 0.000000 -0.006559 0.000000 16.209605 0.000000 0.999199 16.195450 0.000000 2.000000
6.200000 16.338761 0.000000 1.998976 0.000000 -0.005959 0.000000 16.357631 0.000000 0.999154 16.345450 0.000000 2.000000
6.250000 16.488685 0.000000 1.998972 0.000000 -0.005213 0.000000 16.505193 0.000000 0.999108 16.495450 0.000000 2.000000
6.300000 16.638609 0.000000 1.998970 0.000000 -0.004340 0.000000 16.652350 0.000000 0.999065 16.645450 0.000000 2.000000
6.350000 16.788532 0.000000 1.998972 0.000000 -0.003359 0.000000 16.799168 0.000000 0.999029 16.795450 0.000000 2.000000
6.400000 16.938456 0.000000 1.998977 0.000000 -0.002295 0.000000 16.945725 0.000000 0.999004 16.945450 0.000000 2.000000
6.450000 17.088381 0.000000 1.998985 0.000000 -0.001174 0.000000 17.092101 0.000000 0.998992 17.095450 0.000000 2.000000
6.500000 17.238305 0.000000 1.998995 0.000000 -0.000023 0.000000 17.238384 0.000000 0.998995 17.245450 0.000000 2.000000
6.550000 17.388229 0.000000 1.999006 0.000000 0.001129 0.000000 17.384664 0.000000 0.999012 17.395450 0.000000 2.000000
6.600000 17.538153 0.000000 1.999016 0.000000 0.002254 0.000000 17.531029 0.000000 0.999041 17.545450 0.000000 2.000000
6.650000 17.688077 0.000000 1.999025 0.000000 0.003324 0.000000 17.677567 0.000000 0.999081 17.695450 0.000000 2.000000
6.700000 17.838002 0.000000 1.999032 0.000000 0.004314 0.000000 17.824361 0.000000 0.999125 17.845450 0.000000 2.000000
6.750000 17.987926 0.000000 1.999037 0.000000 0.005197 0.000000 17.971488 0.000000 0.999172 17.995450 0.000000 2.000000
6.800000 18.137851 0.000000 1.999038 0.000000 0.005954 0.000000 18.119017 0.000000 0.999215 18.145450 0.000000 2.000000
6.850000 18.287776 0.000000 1.999035 0.000000 0.006565 0.000000 18.267005 0.000000 0.999251 18.295450 0.000000 2.000000
6.900000 18.437701 0.000000 1.999030 0.000000 0.007015 0.000000 18.415502 0.000000 0.999276 18.445450 0.000000 2.000000
6.950000 18.587626 0.000000 1.999022 0.000000 0.007294 0.000000 18.564542 0.000000 0.999288 18.595450 0.000000 2.000000
7.000000 18.737552 0.000000 1.999012 0.000000 0.007394 0.000000 18.714146 0.000000 0.999286 18.745450 0.000000 2.000000
7.050000 18.887478 0.000000 1.999001 0.000000 0.007313 0.000000 18.864324 0.000000 0.999269 18.895450 0.000000 2.000000
7.100000 19.037404 0.000000 1.998990 0.000000 0.007054 0.000000 19.015070 0.000000 0.999239 19.045450 0.000000 2.000000
7.150000 19.187330 0.000000 1.998980 0.000000 0.006622 0.000000 19.166363 0.000000 0.999200 19.195450 0.000000 2.000000
7.200000 19.337256 0.000000 1.998973 0.000000 0.006027 0.000000 19.318170 0.000000 0.999155 19.345450 0.000000 2.000000
7.250000 19.487182 0.000000 1.998968 0.000000 0.005285 0.000000 19.470446 0.000000 0.999108 19.495450 0.000000 2.000000
7.300000 19.637108 0.000000 1.998967 0.000000 0.004413 0.000000 19.623134 0.000000 0.999064 19.645450 0.000000 2.000000
7.350000 19.787034 0.000000 1.998969 0.000000 0.003433 0.000000 19.776165 0.000000 0.999028 19.795450 0.000000 2.000000
7.400000 19.936961 0.000000 1.998974 0.000000 0.002367 0.000000 19.929465 0.000000 0.999002 19.945450 0.000000 2.000000
7.450000 20.086887 0.000000 1.998982 0.000000 0.001243 0.000000 20.082949 0.000000 0.998990 20.095450 0.000000 2.000000
7.500000 20.236813 0.000000 1.998992 0.000000 0.000087 0.000000 20.236533 0.000000 0.998992 20.245450 0.000000 2.000000
7.550000 20.386739 0.000000 1.999003 0.000000 -0.001072 0.000000 20.390125 0.000000 0.999008 20.395450 0.000000 2.000000
7.600000 20.536665 0.000000 1.999013 0.000000 -0.002205 0.000000 20.543635 0.000000 0.999038 20.545450 0.000000 2.000000
7.650000 20.686591 0.000000 1.999023 0.000000 -0.003285 0.000000 20.696977 0.000000 0.999077 20.695450 0.000000 2.000000
7.700000 20.836517 0.000000 1.999030 0.000000 -0.004285 0.000000 20.850065 0.000000 0.999122 20.845450 0.000000 2.000000
7.750000 20.986443 0.000000 1.999035 0.000000 -0.005179 0.000000 21.002824 0.000000 0.999169 20.995450 0.000000 2.000000
7.800000 21.136368 0.000000 1.999036 0.000000 -0.005948 0.000000 21.155182 0.000000 0.999213 21.145450 0.000000 2.000000
7.850000 21.286294 0.000000 1.999034 0.000000 -0.006570 0.000000 21.307080 0.000000 0.999250 21.295450 0.000000 2.000000
7.900000 21.436219 0.000000 1.999029 0.000000 -0.007032 0.000000 21.458470 0.000000 0.999277 21.445450 0.000000 2.000000
7.950000 21.586144 0.000000 1.999021 0.000000 -0.007321 0.000000 21.609316 0.000000 0.999289 21.595450 0.000000 2.000000
