0.000000 0.232000 0.000000 2.000000
0.000000 -0.232000 0.000000 2.000000


0.050000 0.235442 0.000000 1.950351
0.050000 -0.228558 0.000000 2.049626


0.100000 0.246549 0.000000 1.950163
0.100000 -0.217451 0.000000 2.049840


0.150000 0.265210 0.000000 1.949064
0.150000 -0.198790 0.000000 2.051206


0.200000 0.291395 0.000000 1.947438
0.200000 -0.172605 0.000000 2.053534


0.250000 0.325088 0.000000 1.945424
0.250000 -0.138912 0.000000 2.056835


0.300000 0.366277 0.000000 1.943118
0.300000 -0.097723 0.000000 2.061082


0.350000 0.414948 0.000000 1.940604
0.350000 -0.049052 0.000000 2.066164


0.400000 0.471086 0.000000 1.937958
0.400000 0.007086 0.000000 2.071876


0.450000 0.534678 0.000000 1.935261
0.450000 0.070678 0.000000 2.077912


0.500000 0.605715 0.000000 1.932599
0.500000 0.141715 0.000000 2.083895


0.550000 0.680606 0.000000 1.982406
0.550000 0.216606 0.000000 2.035830


0.600000 0.755381 0.000000 1.979968
0.600000 0.291381 0.000000 2.037295


0.650000 0.830243 0.000000 1.977713
0.650000 0.366243 0.000000 2.036284


0.700000 0.905266 0.000000 1.975279
0.700000 0.441266 0.000000 2.033589


0.750000 0.980471 0.000000 1.972656
0.750000 0.516471 0.000000 2.029726


0.800000 1.055851 0.000000 1.969969
0.800000 0.591851 0.000000 2.025160


0.850000 1.131373 0.000000 1.967450
0.850000 0.667373 0.000000 2.020305


0.900000 1.206983 0.000000 1.965419
0.900000 0.742983 0.000000 2.015517


0.950000 1.282618 0.000000 1.964247
0.950000 0.818618 0.000000 2.011068


1.000000 1.358207 0.000000 1.964318
1.000000 0.894207 0.000000 2.007140


1.050000 1.436743 0.000000 1.917647
1.050000 0.972743 0.000000 2.053010


1.100000 1.522712 0.000000 1.920527
1.100000 1.058712 0.000000 2.052447


1.150000 1.616004 0.000000 1.924448
1.150000 1.152004 0.000000 2.052444


1.200000 1.716656 0.000000 1.929156
1.200000 1.252656 0.000000 2.052301


1.250000 1.824732 0.000000 1.934132
1.250000 1.360732 0.000000 2.051885


1.300000 1.940286 0.000000 1.938901
1.300000 1.476286 0.000000 2.051221


1.350000 2.063352 0.000000 1.943091
1.350000 1.599352 0.000000 2.050404


1.400000 2.193945 0.000000 1.946457
1.400000 1.729945 0.000000 2.049556


1.450000 2.332064 0.000000 1.948876
1.450000 1.868064 0.000000 2.048812


1.500000 2.477705 0.000000 1.950332
1.500000 2.013705 0.000000 2.048313


1.550000 2.627845 0.000000 2.000827
1.550000 2.163845 0.000000 1.998276


1.600000 2.777858 0.000000 2.000551
1.600000 2.313858 0.000000 1.998747


1.650000 2.927816 0.000000 2.000645
1.650000 2.463816 0.000000 1.998719


1.700000 3.077750 0.000000 2.000784
1.700000 2.613750 0.000000 1.998581


1.750000 3.227673 0.000000 2.000921
1.750000 2.763673 0.000000 1.998410


1.800000 3.377589 0.000000 2.001038
1.800000 2.913589 0.000000 1.998241


1.850000 3.527504 0.000000 2.001126
1.850000 3.063504 0.000000 1.998091


1.900000 3.677418 0.000000 2.001179
1.900000 3.213418 0.000000 1.997969


1.950000 3.827331 0.000000 2.001192
1.950000 3.363331 0.000000 1.997883


2.000000 3.977244 0.000000 2.001166
2.000000 3.513244 0.000000 1.997836


2.050000 4.127158 0.000000 2.001101
2.050000 3.663158 0.000000 1.997829


2.100000 4.277072 0.000000 2.000997
2.100000 3.813072 0.000000 1.997864


2.150000 4.426986 0.000000 2.000857
2.150000 3.962986 0.000000 1.997940


2.200000 4.576901 0.000000 2.000685
2.200000 4.112901 0.000000 1.998055


2.250000 4.726816 0.000000 2.000485
2.250000 4.262816 0.000000 1.998206


2.300000 4.876732 0.000000 2.000260
2.300000 4.412732 0.000000 1.998390


2.350000 5.026648 0.000000 2.000017
2.350000 4.562648 0.000000 1.998602


2.400000 5.176565 0.000000 1.999761
2.400000 4.712565 0.000000 1.998834


2.450000 5.326482 0.000000 1.999495
2.450000 4.862482 0.000000 1.999082


2.500000 5.476399 0.000000 1.999227
2.500000 5.012399 0.000000 1.999338


2.550000 5.626317 0.000000 1.998962
2.550000 5.162317 0.000000 1.999594


2.600000 5.776236 0.000000 1.998704
2.600000 5.312236 0.000000 1.999843


2.650000 5.926155 0.000000 1.998460
2.650000 5.462155 0.000000 2.000077


2.700000 6.076074 0.000000 1.998234
2.700000 5.612074 0.000000 2.000291


2.750000 6.225993 0.000000 1.998030
2.750000 5.761993 0.000000 2.000477


2.800000 6.375914 0.000000 1.997854
2.800000 5.911914 0.000000 2.000631


2.850000 6.525834 0.000000 1.997709
2.850000 6.061834 0.000000 2.000748


2.900000 6.675755 0.000000 1.997599
2.900000 6.211755 0.000000 2.000825


2.950000 6.825677 0.000000 1.997527
2.950000 6.361677 0.000000 2.000862


3.000000 6.975598 0.000000 1.997494
3.000000 6.511598 0.000000 2.000856


3.050000 7.125521 0.000000 1.997502
3.050000 6.661521 0.000000 2.000810


3.100000 7.275443 0.000000 1.997551
3.100000 6.811443 0.000000 2.000724


3.150000 7.425366 0.000000 1.997641
3.150000 6.961366 0.000000 2.000600


3.200000 7.575290 0.000000 1.997770
3.200000 7.111290 0.000000 2.000444


3.250000 7.725213 0.000000 1.997934
3.250000 7.261213 0.000000 2.000257


3.300000 7.875137 0.000000 1.998131
3.300000 7.411137 0.000000 2.000046


3.350000 8.025061 0.000000 1.998355
3.350000 7.561061 0.000000 1.999815


3.400000 8.174984 0.000000 1.998600
3.400000 7.710984 0.000000 1.999569


3.450000 8.324908 0.000000 1.998860
3.450000 7.860908 0.000000 1.999314


3.500000 8.474833 0.000000 1.999128
3.500000 8.010833 0.000000 1.999055


3.550000 8.624757 0.000000 1.999396
3.550000 8.160757 0.000000 1.998797


3.600000 8.774681 0.000000 1.999657
3.600000 8.310681 0.000000 1.998547


3.650000 8.924605 0.000000 1.999903
3.650000 8.460605 0.000000 1.998310


3.700000 9.074529 0.000000 2.000128
3.700000 8.610529 0.000000 1.998090


3.750000 9.224453 0.000000 2.000325
3.750000 8.760453 0.000000 1.997892


3.800000 9.374377 0.000000 2.000489
3.800000 8.910377 0.000000 1.997721


3.850000 9.524301 0.000000 2.000617
3.850000 9.060301 0.000000 1.997581


3.900000 9.674225 0.000000 2.000704
3.900000 9.210225 0.000000 1.997475


3.950000 9.824149 0.000000 2.000749
3.950000 9.360149 0.000000 1.997406


4.000000 9.974073 0.000000 2.000753
4.000000 9.510073 0.000000 1.997377


4.050000 10.123996 0.000000 2.000714
4.050000 9.659996 0.000000 1.997388


4.100000 10.273919 0.000000 2.000635
4.100000 9.809919 0.000000 1.997441


4.150000 10.423843 0.000000 2.000518
4.150000 9.959843 0.000000 1.997534


4.200000 10.573766 0.000000 2.000368
4.200000 10.109766 0.000000 1.997666


4.250000 10.723689 0.000000 2.000187
4.250000 10.259689 0.000000 1.997835


4.300000 10.873612 0.000000 1.999980
4.300000 10.409612 0.000000 1.998035


4.350000 11.023536 0.000000 1.999753
4.350000 10.559536 0.000000 1.998263


4.400000 11.173459 0.000000 1.999511
4.400000 10.709459 0.000000 1.998513


4.450000 11.323382 0.000000 1.999258
4.450000 10.859382 0.000000 1.998777


4.500000 11.473306 0.000000 1.999002
4.500000 11.009306 0.000000 1.999050


4.550000 11.623230 0.000000 1.998747
4.550000 11.159230 0.000000 1.999323


4.600000 11.773153 0.000000 1.998498
4.600000 11.309153 0.000000 1.999589


4.650000 11.923077 0.000000 1.998262
4.650000 11.459077 0.000000 1.999840


4.700000 12.073001 0.000000 1.998042
4.700000 11.609001 0.000000 2.000070


4.750000 12.222926 0.000000 1.997845
4.750000 11.758926 0.000000 2.000273


4.800000 12.372850 0.000000 1.997674
4.800000 11.908850 0.000000 2.000443


4.850000 12.522775 0.000000 1.997534
4.850000 12.058775 0.000000 2.000575


4.900000 12.672699 0.000000 1.997428
4.900000 12.208699 0.000000 2.000668


4.950000 12.822624 0.000000 1.997359
4.950000 12.358624 0.000000 2.000718


5.000000 12.972550 0.000000 1.997330
5.000000 12.508550 0.000000 2.000725


5.050000 13.122475 0.000000 1.997341
5.050000 12.658475 0.000000 2.000691


5.100000 13.272401 0.000000 1.997394
5.100000 12.808401 0.000000 2.000615


5.150000 13.422327 0.000000 1.997487
5.150000 12.958327 0.000000 2.000502


5.200000 13.572253 0.000000 1.997620
5.200000 13.108253 0.000000 2.000354


5.250000 13.722179 0.000000 1.997789
5.250000 13.258179 0.000000 2.000175


5.300000 13.872105 0.000000 1.997990
5.300000 13.408105 0.000000 1.999970


5.350000 14.022031 0.000000 1.998219
5.350000 13.558031 0.000000 1.999744


5.400000 14.171957 0.000000 1.998471
5.400000 13.707957 0.000000 1.999502


5.450000 14.321883 0.000000 1.998737
5.450000 13.857883 0.000000 1.999251


5.500000 14.471809 0.000000 1.999012
5.500000 14.007809 0.000000 1.998994


5.550000 14.621735 0.000000 1.999288
5.550000 14.157735 0.000000 1.998739


5.600000 14.771661 0.000000 1.999557
5.600000 14.307661 0.000000 1.998489


5.650000 14.921587 0.000000 1.999812
5.650000 14.457587 0.000000 1.998252


5.700000 15.071513 0.000000 2.000046
5.700000 14.607513 0.000000 1.998031


5.750000 15.221438 0.000000 2.000252
5.750000 14.757438 0.000000 1.997833


5.800000 15.371364 0.000000 2.000426
5.800000 14.907364 0.000000 1.997660


5.850000 15.521289 0.000000 2.000562
5.850000 15.057289 0.000000 1.997518


5.900000 15.671214 0.000000 2.000658
5.900000 15.207214 0.000000 1.997411


5.950000 15.821139 0.000000 2.000711
5.950000 15.357139 0.000000 1.997340


6.000000 15.971063 0.000000 2.000722
6.000000 15.507063 0.000000 1.997309


6.050000 16.120988 0.000000 2.000690
6.050000 15.656988 0.000000 1.997319


6.100000 16.270912 0.000000 2.000617
6.100000 15.806912 0.000000 1.997370


6.150000 16.420836 0.000000 2.000505
6.150000 15.956836 0.000000 1.997462


6.200000 16.570761 0.000000 2.000359
6.200000 16.106761 0.000000 1.997594


6.250000 16.720685 0.000000 2.000181
6.250000 16.256685 0.000000 1.997762


6.300000 16.870609 0.000000 1.999977
6.300000 16.406609 0.000000 1.997963


6.350000 17.020532 0.000000 1.999751
6.350000 16.556532 0.000000 1.998193


6.400000 17.170456 0.000000 1.999510
6.400000 16.706456 0.000000 1.998445


6.450000 17.320381 0.000000 1.999258
6.450000 16.856381 0.000000 1.998713


6.500000 17.470305 0.000000 1.999000
6.500000 17.006305 0.000000 1.998990


6.550000 17.620229 0.000000 1.998744
6.550000 17.156229 0.000000 1.999267


6.600000 17.770153 0.000000 1.998493
6.600000 17.306153 0.000000 1.999539


6.650000 17.920077 0.000000 1.998254
6.650000 17.456077 0.000000 1.999797


6.700000 18.070002 0.000000 1.998032
6.700000 17.606002 0.000000 2.000033


6.750000 18.219926 0.000000 1.997831
6.750000 17.755926 0.000000 2.000243


6.800000 18.369851 0.000000 1.997656
6.800000 17.905851 0.000000 2.000419


6.850000 18.519776 0.000000 1.997512
6.850000 18.055776 0.000000 2.000559


6.900000 18.669701 0.000000 1.997402
6.900000 18.205701 0.000000 2.000658


6.950000 18.819626 0.000000 1.997330
6.950000 18.355626 0.000000 2.000714


7.000000 18.969552 0.000000 1.997296
7.000000 18.505552 0.000000 2.000727


7.050000 19.119478 0.000000 1.997304
7.050000 18.655478 0.000000 2.000697


7.100000 19.269404 0.000000 1.997353
7.100000 18.805404 0.000000 2.000626


7.150000 19.419330 0.000000 1.997444
7.150000 18.955330 0.000000 2.000517


7.200000 19.569256 0.000000 1.997574
7.200000 19.105256 0.000000 2.000371


7.250000 19.719182 0.000000 1.997742
7.250000 19.255182 0.000000 2.000194


7.300000 19.869108 0.000000 1.997943
7.300000 19.405108 0.000000 1.999991


7.350000 20.019034 0.000000 1.998172
7.350000 19.555034 0.000000 1.999765


7.400000 20.168961 0.000000 1.998425
7.400000 19.704961 0.000000 1.999523


7.450000 20.318887 0.000000 1.998694
7.450000 19.854887 0.000000 1.999270


7.500000 20.468813 0.000000 1.998972
7.500000 20.004813 0.000000 1.999012


7.550000 20.618739 0.000000 1.999251
7.550000 20.154739 0.000000 1.998754


7.600000 20.768665 0.000000 1.999525
7.600000 20.304665 0.000000 1.998502


7.650000 20.918591 0.000000 1.999785
7.650000 20.454591 0.000000 1.998261


7.700000 21.068517 0.000000 2.000024
7.700000 20.604517 0.000000 1.998036


7.750000 21.218443 0.000000 2.000237
7.750000 20.754443 0.000000 1.997833


7.800000 21.368368 0.000000 2.000416
7.800000 20.904368 0.000000 1.997657


7.850000 21.518294 0.000000 2.000559
7.850000 21.054294 0.000000 1.997510


7.900000 21.668219 0.000000 2.000660
7.900000 21.204219 0.000000 1.997398


7.950000 21.818144 0.000000 2.000720
7.950000 21.354144 0.000000 1.997322


