0.000000 0.000000 -0.232000 2.000000
0.000000 0.000000 0.232000 2.000000


0.050000 0.003442 -0.232000 1.999988
0.050000 0.003442 0.232000 1.999988


0.100000 0.014549 -0.232000 2.000002
0.100000 0.014549 0.232000 2.000002


0.150000 0.033210 -0.232000 2.000135
0.150000 0.033210 0.232000 2.000135


0.200000 0.059395 -0.232000 2.000486
0.200000 0.059395 0.232000 2.000486


0.250000 0.093088 -0.232000 2.001129
0.250000 0.093088 0.232000 2.001129


0.300000 0.134277 -0.232000 2.002100
0.300000 0.134277 0.232000 2.002100


0.350000 0.182948 -0.232000 2.003384
0.350000 0.182948 0.232000 2.003384


0.400000 0.239086 -0.232000 2.004917
0.400000 0.239086 0.232000 2.004917


0.450000 0.302678 -0.232000 2.006587
0.450000 0.302678 0.232000 2.006587


0.500000 0.373715 -0.232000 2.008247
0.500000 0.373715 0.232000 2.008247


0.550000 0.448606 -0.232000 2.009118
0.550000 0.448606 0.232000 2.009118


0.600000 0.523381 -0.232000 2.008631
0.600000 0.523381 0.232000 2.008631


0.650000 0.598243 -0.232000 2.006998
0.650000 0.598243 0.232000 2.006998


0.700000 0.673266 -0.232000 2.004434
0.700000 0.673266 0.232000 2.004434


0.750000 0.748471 -0.232000 2.001191
0.750000 0.748471 0.232000 2.001191


0.800000 0.823851 -0.232000 1.997564
0.800000 0.823851 0.232000 1.997564


0.850000 0.899373 -0.232000 1.993878
0.850000 0.899373 0.232000 1.993878


0.900000 0.974983 -0.232000 1.990468
0.900000 0.974983 0.232000 1.990468


0.950000 1.050618 -0.232000 1.987658
0.950000 1.050618 0.232000 1.987658


1.000000 1.126207 -0.232000 1.985729
1.000000 1.126207 0.232000 1.985729


1.050000 1.204743 -0.232000 1.985328
1.050000 1.204743 0.232000 1.985328


1.100000 1.290712 -0.232000 1.986487
1.100000 1.290712 0.232000 1.986487


1.150000 1.384004 -0.232000 1.988446
1.150000 1.384004 0.232000 1.988446


1.200000 1.484656 -0.232000 1.990729
1.200000 1.484656 0.232000 1.990729


1.250000 1.592732 -0.232000 1.993009
1.250000 1.592732 0.232000 1.993009


1.300000 1.708286 -0.232000 1.995061
1.300000 1.708286 0.232000 1.995061


1.350000 1.831352 -0.232000 1.996747
1.350000 1.831352 0.232000 1.996747


1.400000 1.961945 -0.232000 1.998006
1.400000 1.961945 0.232000 1.998006


1.450000 2.100064 -0.232000 1.998844
1.450000 2.100064 0.232000 1.998844


1.500000 2.245705 -0.232000 1.999323
1.500000 2.245705 0.232000 1.999323


1.550000 2.395845 -0.232000 1.999551
1.550000 2.395845 0.232000 1.999551


1.600000 2.545858 -0.232000 1.999649
1.600000 2.545858 0.232000 1.999649


1.650000 2.695816 -0.232000 1.999682
1.650000 2.695816 0.232000 1.999682


1.700000 2.845750 -0.232000 1.999682
1.700000 2.845750 0.232000 1.999682


1.750000 2.995673 -0.232000 1.999666
1.750000 2.995673 0.232000 1.999666


1.800000 3.145589 -0.232000 1.999640
1.800000 3.145589 0.232000 1.999640


1.850000 3.295504 -0.232000 1.999608
1.850000 3.295504 0.232000 1.999608


1.900000 3.445418 -0.232000 1.999574
1.900000 3.445418 0.232000 1.999574


1.950000 3.595331 -0.232000 1.999538
1.950000 3.595331 0.232000 1.999538


2.000000 3.745244 -0.232000 1.999501
2.000000 3.745244 0.232000 1.999501


2.050000 3.895158 -0.232000 1.999465
2.050000 3.895158 0.232000 1.999465


2.100000 4.045072 -0.232000 1.999430
2.100000 4.045072 0.232000 1.999430


2.150000 4.194986 -0.232000 1.999399
2.150000 4.194986 0.232000 1.999399


2.200000 4.344901 -0.232000 1.999370
2.200000 4.344901 0.232000 1.999370


2.250000 4.494816 -0.232000 1.999346
2.250000 4.494816 0.232000 1.999346


2.300000 4.644732 -0.232000 1.999325
2.300000 4.644732 0.232000 1.999325


2.350000 4.794648 -0.232000 1.999309
2.350000 4.794648 0.232000 1.999309


2.400000 4.944565 -0.232000 1.999297
2.400000 4.944565 0.232000 1.999297


2.450000 5.094482 -0.232000 1.999289
2.450000 5.094482 0.232000 1.999289


2.500000 5.244399 -0.232000 1.999283
2.500000 5.244399 0.232000 1.999283


2.550000 5.394317 -0.232000 1.999278
2.550000 5.394317 0.232000 1.999278


2.600000 5.544236 -0.232000 1.999273
2.600000 5.544236 0.232000 1.999273


2.650000 5.694155 -0.232000 1.999269
2.650000 5.694155 0.232000 1.999269


2.700000 5.844074 -0.232000 1.999262
2.700000 5.844074 0.232000 1.999262


2.750000 5.993993 -0.232000 1.999254
2.750000 5.993993 0.232000 1.999254


2.800000 6.143914 -0.232000 1.999242
2.800000 6.143914 0.232000 1.999242


2.850000 6.293834 -0.232000 1.999229
2.850000 6.293834 0.232000 1.999229


2.900000 6.443755 -0.232000 1.999212
2.900000 6.443755 0.232000 1.999212


2.950000 6.593677 -0.232000 1.999194
2.950000 6.593677 0.232000 1.999194


3.000000 6.743598 -0.232000 1.999175
3.000000 6.743598 0.232000 1.999175


3.050000 6.893521 -0.232000 1.999156
3.050000 6.893521 0.232000 1.999156


3.100000 7.043443 -0.232000 1.999138
3.100000 7.043443 0.232000 1.999138


3.150000 7.193366 -0.232000 1.999121
3.150000 7.193366 0.232000 1.999121


3.200000 7.343290 -0.232000 1.999107
3.200000 7.343290 0.232000 1.999107


3.250000 7.493213 -0.232000 1.999096
3.250000 7.493213 0.232000 1.999096


3.300000 7.643137 -0.232000 1.999089
3.300000 7.643137 0.232000 1.999089


3.350000 7.793061 -0.232000 1.999085
3.350000 7.793061 0.232000 1.999085


3.400000 7.942984 -0.232000 1.999085
3.400000 7.942984 0.232000 1.999085


3.450000 8.092908 -0.232000 1.999087
3.450000 8.092908 0.232000 1.999087


3.500000 8.242833 -0.232000 1.999091
3.500000 8.242833 0.232000 1.999091


3.550000 8.392757 -0.232000 1.999097
3.550000 8.392757 0.232000 1.999097


3.600000 8.542681 -0.232000 1.999102
3.600000 8.542681 0.232000 1.999102


3.650000 8.692605 -0.232000 1.999106
3.650000 8.692605 0.232000 1.999106


3.700000 8.842529 -0.232000 1.999109
3.700000 8.842529 0.232000 1.999109


3.750000 8.992453 -0.232000 1.999108
3.750000 8.992453 0.232000 1.999108


3.800000 9.142377 -0.232000 1.999105
3.800000 9.142377 0.232000 1.999105


3.850000 9.292301 -0.232000 1.999099
3.850000 9.292301 0.232000 1.999099


3.900000 9.442225 -0.232000 1.999089
3.900000 9.442225 0.232000 1.999089


3.950000 9.592149 -0.232000 1.999078
3.950000 9.592149 0.232000 1.999078


4.000000 9.742073 -0.232000 1.999065
4.000000 9.742073 0.232000 1.999065


4.050000 9.891996 -0.232000 1.999051
4.050000 9.891996 0.232000 1.999051


4.100000 10.041919 -0.232000 1.999038
4.100000 10.041919 0.232000 1.999038


4.150000 10.191843 -0.232000 1.999026
4.150000 10.191843 0.232000 1.999026


4.200000 10.341766 -0.232000 1.999017
4.200000 10.341766 0.232000 1.999017


4.250000 10.491689 -0.232000 1.999011
4.250000 10.491689 0.232000 1.999011


4.300000 10.641612 -0.232000 1.999008
4.300000 10.641612 0.232000 1.999008


4.350000 10.791536 -0.232000 1.999008
4.350000 10.791536 0.232000 1.999008


4.400000 10.941459 -0.232000 1.999012
4.400000 10.941459 0.232000 1.999012


4.450000 11.091382 -0.232000 1.999018
4.450000 11.091382 0.232000 1.999018


4.500000 11.241306 -0.232000 1.999026
4.500000 11.241306 0.232000 1.999026


4.550000 11.391230 -0.232000 1.999035
4.550000 11.391230 0.232000 1.999035


4.600000 11.541153 -0.232000 1.999043
4.600000 11.541153 0.232000 1.999043


4.650000 11.691077 -0.232000 1.999051
4.650000 11.691077 0.232000 1.999051


4.700000 11.841001 -0.232000 1.999056
4.700000 11.841001 0.232000 1.999056


4.750000 11.990926 -0.232000 1.999059
4.750000 11.990926 0.232000 1.999059


4.800000 12.140850 -0.232000 1.999058
4.800000 12.140850 0.232000 1.999058


4.850000 12.290775 -0.232000 1.999055
4.850000 12.290775 0.232000 1.999055


4.900000 12.440699 -0.232000 1.999048
4.900000 12.440699 0.232000 1.999048


4.950000 12.590624 -0.232000 1.999039
4.950000 12.590624 0.232000 1.999039


5.000000 12.740550 -0.232000 1.999028
5.000000 12.740550 0.232000 1.999028


5.050000 12.890475 -0.232000 1.999016
5.050000 12.890475 0.232000 1.999016


5.100000 13.040401 -0.232000 1.999005
5.100000 13.040401 0.232000 1.999005


5.150000 13.190327 -0.232000 1.998994
5.150000 13.190327 0.232000 1.998994


5.200000 13.340253 -0.232000 1.998987
5.200000 13.340253 0.232000 1.998987


5.250000 13.490179 -0.232000 1.998982
5.250000 13.490179 0.232000 1.998982


5.300000 13.640105 -0.232000 1.998980
5.300000 13.640105 0.232000 1.998980


5.350000 13.790031 -0.232000 1.998982
5.350000 13.790031 0.232000 1.998982


5.400000 13.939957 -0.232000 1.998986
5.400000 13.939957 0.232000 1.998986


5.450000 14.089883 -0.232000 1.998994
5.450000 14.089883 0.232000 1.998994


5.500000 14.239809 -0.232000 1.999003
5.500000 14.239809 0.232000 1.999003


5.550000 14.389735 -0.232000 1.999013
5.550000 14.389735 0.232000 1.999013


5.600000 14.539661 -0.232000 1.999023
5.600000 14.539661 0.232000 1.999023


5.650000 14.689587 -0.232000 1.999032
5.650000 14.689587 0.232000 1.999032


5.700000 14.839513 -0.232000 1.999039
5.700000 14.839513 0.232000 1.999039


5.750000 14.989438 -0.232000 1.999042
5.750000 14.989438 0.232000 1.999042


5.800000 15.139364 -0.232000 1.999043
5.800000 15.139364 0.232000 1.999043


5.850000 15.289289 -0.232000 1.999040
5.850000 15.289289 0.232000 1.999040


5.900000 15.439214 -0.232000 1.999034
5.900000 15.439214 0.232000 1.999034


5.950000 15.589139 -0.232000 1.999026
5.950000 15.589139 0.232000 1.999026


6.000000 15.739063 -0.232000 1.999015
6.000000 15.739063 0.232000 1.999015


6.050000 15.888988 -0.232000 1.999004
6.050000 15.888988 0.232000 1.999004


6.100000 16.038912 -0.232000 1.998993
6.100000 16.038912 0.232000 1.998993


6.150000 16.188836 -0.232000 1.998984
6.150000 16.188836 0.232000 1.998984


6.200000 16.338761 -0.232000 1.998976
6.200000 16.338761 0.232000 1.998976


6.250000 16.488685 -0.232000 1.998972
6.250000 16.488685 0.232000 1.998972


6.300000 16.638609 -0.232000 1.998970
6.300000 16.638609 0.232000 1.998970


6.350000 16.788532 -0.232000 1.998972
6.350000 16.788532 0.232000 1.998972


6.400000 16.938456 -0.232000 1.998977
6.400000 16.938456 0.232000 1.998977


6.450000 17.088381 -0.232000 1.998985
6.450000 17.088381 0.232000 1.998985


6.500000 17.238305 -0.232000 1.998995
6.500000 17.238305 0.232000 1.998995


6.550000 17.388229 -0.232000 1.999006
6.550000 17.388229 0.232000 1.999006


6.600000 17.538153 -0.232000 1.999016
6.600000 17.538153 0.232000 1.999016


6.650000 17.688077 -0.232000 1.999025
6.650000 17.688077 0.232000 1.999025


6.700000 17.838002 -0.232000 1.999032
6.700000 17.838002 0.232000 1.999032


6.750000 17.987926 -0.232000 1.999037
6.750000 17.987926 0.232000 1.999037


6.800000 18.137851 -0.232000 1.999038
6.800000 18.137851 0.232000 1.999038


6.850000 18.287776 -0.232000 1.999035
6.850000 18.287776 0.232000 1.999035


6.900000 18.437701 -0.232000 1.999030
6.900000 18.437701 0.232000 1.999030


6.950000 18.587626 -0.232000 1.999022
6.950000 18.587626 0.232000 1.999022


7.000000 18.737552 -0.232000 1.999012
7.000000 18.737552 0.232000 1.999012


7.050000 18.887478 -0.232000 1.999001
7.050000 18.887478 0.232000 1.999001


7.100000 19.037404 -0.232000 1.998990
7.100000 19.037404 0.232000 1.998990


7.150000 19.187330 -0.232000 1.998980
7.150000 19.187330 0.232000 1.998980


7.200000 19.337256 -0.232000 1.998973
7.200000 19.337256 0.232000 1.998973


7.250000 19.487182 -0.232000 1.998968
7.250000 19.487182 0.232000 1.998968


7.300000 19.637108 -0.232000 1.998967
7.300000 19.637108 0.232000 1.998967


7.350000 19.787034 -0.232000 1.998969
7.350000 19.787034 0.232000 1.998969


7.400000 19.936961 -0.232000 1.998974
7.400000 19.936961 0.232000 1.998974


7.450000 20.086887 -0.232000 1.998982
7.450000 20.086887 0.232000 1.998982


7.500000 20.236813 -0.232000 1.998992
7.500000 20.236813 0.232000 1.998992


7.550000 20.386739 -0.232000 1.999003
7.550000 20.386739 0.232000 1.999003


7.600000 20.536665 -0.232000 1.999013
7.600000 20.536665 0.232000 1.999013


7.650000 20.686591 -0.232000 1.999023
7.650000 20.686591 0.232000 1.999023


7.700000 20.836517 -0.232000 1.999030
7.700000 20.836517 0.232000 1.999030


7.750000 20.986443 -0.232000 1.999035
7.750000 20.986443 0.232000 1.999035


7.800000 21.136368 -0.232000 1.999036
7.800000 21.136368 0.232000 1.999036


7.850000 21.286294 -0.232000 1.999034
7.850000 21.286294 0.232000 1.999034


7.900000 21.436219 -0.232000 1.999029
7.900000 21.436219 0.232000 1.999029


7.950000 21.586144 -0.232000 1.999021
7.950000 21.586144 0.232000 1.999021


