0.000000 0.000000 0.000000 0.000000
0.000000 0.000000 0.000000 -1.000000


0.050000 0.000000 0.000000 0.044933
0.050000 0.000000 0.000000 -0.955067


0.100000 0.000000 0.000000 0.106860
0.100000 0.000000 0.000000 -0.893140


0.150000 0.000000 0.000000 0.165719
0.150000 0.000000 0.000000 -0.834281


0.200000 0.000000 0.000000 0.220747
0.200000 0.000000 0.000000 -0.779253


0.250000 0.000000 0.000000 0.272146
0.250000 0.000000 0.000000 -0.727854


0.300000 0.000000 0.000000 0.320154
0.300000 0.000000 0.000000 -0.679846


0.350000 0.000000 0.000000 0.364994
0.350000 0.000000 0.000000 -0.635006


0.400000 0.000000 0.000000 0.406876
0.400000 0.000000 0.000000 -0.593124


0.450000 0.000000 0.000000 0.445994
0.450000 0.000000 0.000000 -0.554006


0.500000 0.000000 0.000000 0.482531
0.500000 0.000000 0.000000 -0.517469


0.550000 0.000000 0.000000 0.516658
0.550000 0.000000 0.000000 -0.483342


0.600000 0.000000 0.000000 0.548532
0.600000 0.000000 0.000000 -0.451468


0.650000 0.000000 0.000000 0.578304
0.650000 0.000000 0.000000 -0.421696


0.700000 0.000000 0.000000 0.606111
0.700000 0.000000 0.000000 -0.393889


0.750000 0.000000 0.000000 0.632084
0.750000 0.000000 0.000000 -0.367916


0.800000 0.000000 0.000000 0.656343
0.800000 0.000000 0.000000 -0.343657


0.850000 0.000000 0.000000 0.679001
0.850000 0.000000 0.000000 -0.320999


0.900000 0.000000 0.000000 0.700164
0.900000 0.000000 0.000000 -0.299836


0.950000 0.000000 0.000000 0.719931
0.950000 0.000000 0.000000 -0.280069


1.000000 0.000000 0.000000 0.738394
1.000000 0.000000 0.000000 -0.261606


1.050000 0.000000 0.000000 0.755638
1.050000 0.000000 0.000000 -0.244362


1.100000 0.000000 0.000000 0.771745
1.100000 0.000000 0.000000 -0.228255


1.150000 0.000000 0.000000 0.786789
1.150000 0.000000 0.000000 -0.213211


1.200000 0.000000 0.000000 0.800840
1.200000 0.000000 0.000000 -0.199160


1.250000 0.000000 0.000000 0.813965
1.250000 0.000000 0.000000 -0.186035


1.300000 0.000000 0.000000 0.826223
1.300000 0.000000 0.000000 -0.173777


1.350000 0.000000 0.000000 0.837672
1.350000 0.000000 0.000000 -0.162328


1.400000 0.000000 0.000000 0.848366
1.400000 0.000000 0.000000 -0.151634


1.450000 0.000000 0.000000 0.858355
1.450000 0.000000 0.000000 -0.141645


1.500000 0.000000 0.000000 0.867684
1.500000 0.000000 0.000000 -0.132316


1.550000 0.000000 0.000000 0.876398
1.550000 0.000000 0.000000 -0.123602


1.600000 0.000000 0.000000 0.884537
1.600000 0.000000 0.000000 -0.115463


1.650000 0.000000 0.000000 0.892139
1.650000 0.000000 0.000000 -0.107861


1.700000 0.000000 0.000000 0.899239
1.700000 0.000000 0.000000 -0.100761


1.750000 0.000000 0.000000 0.905871
1.750000 0.000000 0.000000 -0.094129


1.800000 0.000000 0.000000 0.912065
1.800000 0.000000 0.000000 -0.087935


1.850000 0.000000 0.000000 0.917850
1.850000 0.000000 0.000000 -0.082150


1.900000 0.000000 0.000000 0.923254
1.900000 0.000000 0.000000 -0.076746


1.950000 0.000000 0.000000 0.928302
1.950000 0.000000 0.000000 -0.071698


2.000000 0.000000 0.000000 0.933016
2.000000 0.000000 0.000000 -0.066984


2.050000 0.000848 0.000839 0.937419
2.050000 0.000001 0.000001 -0.062580


2.100000 0.006098 0.006066 0.941535
2.100000 0.000032 0.000032 -0.058429


2.150000 0.015618 0.015591 0.945364
2.150000 0.000222 0.000220 -0.054399


2.200000 0.028112 0.028091 0.948876
2.200000 0.000802 0.000799 -0.050378


2.250000 0.043883 0.043860 0.952032
2.250000 0.002079 0.002073 -0.046220


2.300000 0.062989 0.062965 0.954770
2.300000 0.004431 0.004423 -0.041796


2.350000 0.085003 0.084982 0.957038
2.350000 0.008298 0.008286 -0.037061


2.400000 0.109706 0.109689 0.958807
2.400000 0.014156 0.014140 -0.032021


2.450000 0.136932 0.136930 0.960071
2.450000 0.022496 0.022476 -0.026744


2.500000 0.166427 0.166458 0.960863
2.500000 0.033795 0.033770 -0.021380


2.550000 0.197965 0.198052 0.961256
2.550000 0.048491 0.048464 -0.016129


2.600000 0.231371 0.231543 0.961354
2.600000 0.066969 0.066944 -0.011209


2.650000 0.266493 0.266782 0.961285
2.650000 0.089549 0.089529 -0.006843


2.700000 0.303214 0.303649 0.961189
2.700000 0.116476 0.116471 -0.003224


2.750000 0.341462 0.342063 0.961200
2.750000 0.147931 0.147951 -0.000500


2.800000 0.381197 0.381974 0.961436
2.800000 0.184028 0.184086 0.001246


2.850000 0.422412 0.423357 0.961991
2.850000 0.224821 0.224935 0.001998


2.900000 0.465128 0.466219 0.962925
2.900000 0.270308 0.270498 0.001811


2.950000 0.509387 0.510588 0.964260
2.950000 0.320435 0.320722 0.000803


