0.000000 0.000000 0.000000 0.000000 0.000000 0.000000 0.000000 0.000000 0.000000 -1.000000 0.000000 0.000000 1.000000
0.050000 0.000000 0.000000 0.044933 0.000000 0.000000 0.000000 0.000000 0.000000 -0.955067 0.000000 0.000000 1.000000
0.100000 0.000000 0.000000 0.106860 0.000000 0.000000 0.000000 0.000000 0.000000 -0.893140 0.000000 0.000000 1.000000
0.150000 0.000000 0.000000 0.165719 0.000000 0.000000 0.000000 0.000000 0.000000 -0.834281 0.000000 0.000000 1.000000
0.200000 0.000000 0.000000 0.220747 0.000000 0.000000 0.000000 0.000000 0.000000 -0.779253 0.000000 0.000000 1.000000
0.250000 0.000000 0.000000 0.272146 0.000000 0.000000 0.000000 0.000000 0.000000 -0.727854 0.000000 0.000000 1.000000
0.300000 0.000000 0.000000 0.320154 0.000000 0.000000 0.000000 0.000000 0.000000 -0.679846 0.000000 0.000000 1.000000
0.350000 0.000000 0.000000 0.364994 0.000000 0.000000 0.000000 0.000000 0.000000 -0.635006 0.000000 0.000000 1.000000
0.400000 0.000000 0.000000 0.406876 0.000000 0.000000 0.000000 0.000000 0.000000 -0.593124 0.000000 0.000000 1.000000
0.450000 0.000000 0.000000 0.445994 0.000000 0.000000 0.000000 0.000000 0.000000 -0.554006 0.000000 0.000000 1.000000
0.500000 0.000000 0.000000 0.482531 0.000000 0.000000 0.000000 0.000000 0.000000 -0.517469 0.000000 0.000000 1.000000
0.550000 0.000000 0.000000 0.516658 0.000000 0.000000 0.000000 0.000000 0.000000 -0.483342 0.000000 0.000000 1.000000
0.600000 0.000000 0.000000 0.548532 0.000000 0.000000 0.000000 0.000000 0.000000 -0.451468 0.000000 0.000000 1.000000
0.650000 0.000000 0.000000 0.578304 0.000000 0.000000 0.000000 0.000000 0.000000 -0.421696 0.000000 0.000000 1.000000
0.700000 0.000000 0.000000 0.606111 0.000000 0.000000 0.000000 0.000000 0.000000 -0.393889 0.000000 0.000000 1.000000
0.750000 0.000000 0.000000 0.632084 0.000000 0.000000 0.000000 0.000000 0.000000 -0.367916 0.000000 0.000000 1.000000
0.800000 0.000000 0.000000 0.656343 0.000000 0.000000 0.000000 0.000000 0.000000 -0.343657 0.000000 0.000000 1.000000
0.850000 0.000000 0.000000 0.679001 0.000000 0.000000 0.000000 0.000000 0.000000 -0.320999 0.000000 0.000000 1.000000
0.900000 0.000000 0.000000 0.700164 0.000000 0.000000 0.000000 0.000000 0.000000 -0.299836 0.000000 0.000000 1.000000
0.950000 0.000000 0.000000 0.719931 0.000000 0.000000 0.000000 0.000000 0.000000 -0.280069 0.000000 0.000000 1.000000
1.000000 0.000000 0.000000 0.738394 0.000000 0.000000 0.000000 0.000000 0.000000 -0.261606 0.000000 0.000000 1.000000
1.050000 0.000000 0.000000 0.755638 0.000000 0.000000 0.000000 0.000000 0.000000 -0.244362 0.000000 0.000000 1.000000
1.100000 0.000000 0.000000 0.771745 0.000000 0.000000 0.000000 0.000000 0.000000 -0.228255 0.000000 0.000000 1.000000
1.150000 0.000000 0.000000 0.786789 0.000000 0.000000 0.000000 0.000000 0.000000 -0.213211 0.000000 0.000000 1.000000
1.200000 0.000000 0.000000 0.800840 0.000000 0.000000 0.000000 0.000000 0.000000 -0.199160 0.000000 0.000000 1.000000
1.250000 0.000000 0.000000 0.813965 0.000000 0.000000 0.000000 0.000000 0.000000 -0.186035 0.000000 0.000000 1.000000
1.300000 0.000000 0.000000 0.826223 0.000000 0.000000 0.000000 0.000000 0.000000 -0.173777 0.000000 0.000000 1.000000
1.350000 0.000000 0.000000 0.837672 0.000000 0.000000 0.000000 0.000000 0.000000 -0.162328 0.000000 0.000000 1.000000
1.400000 0.000000 0.000000 0.848366 0.000000 0.000000 0.000000 0.000000 0.000000 -0.151634 0.000000 0.000000 1.000000
1.450000 0.000000 0.000000 0.858355 0.000000 0.000000 0.000000 0.000000 0.000000 -0.141645 0.000000 0.000000 1.000000
1.500000 0.000000 0.000000 0.867684 0.000000 0.000000 0.000000 0.000000 0.000000 -0.132316 0.000000 0.000000 1.000000
1.550000 0.000000 0.000000 0.876398 0.000000 0.000000 0.000000 0.000000 0.000000 -0.123602 0.000000 0.000000 1.000000
1.600000 0.000000 0.000000 0.884537 0.000000 0.000000 0.000000 0.000000 0.000000 -0.115463 0.000000 0.000000 1.000000
1.650000 0.000000 0.000000 0.892139 0.000000 0.000000 0.000000 0.000000 0.000000 -0.107861 0.000000 0.000000 1.000000
1.700000 0.000000 0.000000 0.899239 0.000000 0.000000 0.000000 0.000000 0.000000 -0.100761 0.000000 0.000000 1.000000
1.750000 0.000000 0.000000 0.905871 0.000000 0.000000 0.000000 0.000000 0.000000 -0.094129 0.000000 0.000000 1.000000
1.800000 0.000000 0.000000 0.912065 0.000000 0.000000 0.000000 0.000000 0.000000 -0.087935 0.000000 0.000000 1.000000
1.850000 0.000000 0.000000 0.917850 0.000000 0.000000 0.000000 0.000000 0.000000 -0.082150 0.000000 0.000000 1.000000
1.900000 0.000000 0.000000 0.923254 0.000000 0.000000 0.000000 0.000000 0.000000 -0.076746 0.000000 0.000000 1.000000
1.950000 0.000000 0.000000 0.928302 0.000000 0.000000 0.000000 0.000000 0.000000 -0.071698 0.000000 0.000000 1.000000
2.000000 0.000000 0.000000 0.933016 0.000000 0.000000 0.000000 0.000000 0.000000 -0.066984 0.000000 0.000000 1.000000
2.050000 0.000848 0.000839 0.937419 -0.140065 0.142194 -0.000226 0.000001 0.000001 -0.062580 0.001250 0.001250 1.000000
2.100000 0.006098 0.006066 0.941535 -0.122302 0.122260 0.000315 0.000032 0.000032 -0.058429 0.005000 0.005000 1.000000
2.150000 0.015618 0.015591 0.945364 -0.083086 0.083449 -0.000021 0.000222 0.000220 -0.054399 0.011250 0.011250 1.000000
2.200000 0.028112 0.028091 0.948876 -0.103241 0.104081 -0.000067 0.000802 0.000799 -0.050378 0.020000 0.020000 1.000000
2.250000 0.043883 0.043860 0.952032 -0.109825 0.110391 0.000039 0.002079 0.002073 -0.046220 0.031250 0.031250 1.000000
2.300000 0.062989 0.062965 0.954770 -0.101800 0.102287 0.000013 0.004431 0.004423 -0.041796 0.045000 0.045000 1.000000
2.350000 0.085003 0.084982 0.957038 -0.102881 0.103370 -0.000013 0.008298 0.008286 -0.037061 0.061250 0.061250 1.000000
2.400000 0.109706 0.109689 0.958807 -0.105164 0.105459 0.000004 0.014156 0.014140 -0.032021 0.080000 0.080000 1.000000
2.450000 0.136932 0.136930 0.960071 -0.103617 0.103675 0.000006 0.022496 0.022476 -0.026744 0.101250 0.101250 1.000000
2.500000 0.166427 0.166458 0.960863 -0.102450 0.102291 0.000000 0.033795 0.033770 -0.021380 0.125000 0.125000 1.000000
2.550000 0.197965 0.198052 0.961256 -0.101975 0.101629 0.000001 0.048491 0.048464 -0.016129 0.151250 0.151250 1.000000
2.600000 0.231371 0.231543 0.961354 -0.100916 0.100477 0.000002 0.066969 0.066944 -0.011209 0.180000 0.180000 1.000000
2.650000 0.266493 0.266782 0.961285 -0.099775 0.099376 0.000000 0.089549 0.089529 -0.006843 0.211250 0.211250 1.000000
2.700000 0.303214 0.303649 0.961189 -0.098979 0.098755 -0.000001 0.116476 0.116471 -0.003224 0.245000 0.245000 1.000000
2.750000 0.341462 0.342063 0.961200 -0.098376 0.098445 -0.000001 0.147931 0.147951 -0.000500 0.281250 0.281250 1.000000
2.800000 0.381197 0.381974 0.961436 -0.097973 0.098412 -0.000001 0.184028 0.184086 0.001246 0.320000 0.320000 1.000000
2.850000 0.422412 0.423357 0.961991 -0.097862 0.098698 -0.000002 0.224821 0.224935 0.001998 0.361250 0.361250 1.000000
2.900000 0.465128 0.466219 0.962925 -0.098020 0.099224 -0.000001 0.270308 0.270498 0.001811 0.405000 0.405000 1.000000
2.950000 0.509387 0.510588 0.964260 -0.098400 0.099894 -0.000001 0.320435 0.320722 0.000803 0.451250 0.451250 1.000000
