0.000000 0.232000 0.000000 0.000000
0.000000 -0.232000 0.000000 0.000000


0.050000 0.232000 0.000000 0.044933
0.050000 -0.232000 0.000000 0.044933


0.100000 0.232000 0.000000 0.106860
0.100000 -0.232000 0.000000 0.106860


0.150000 0.232000 0.000000 0.165719
0.150000 -0.232000 0.000000 0.165719


0.200000 0.232000 0.000000 0.220747
0.200000 -0.232000 0.000000 0.220747


0.250000 0.232000 0.000000 0.272146
0.250000 -0.232000 0.000000 0.272146


0.300000 0.232000 0.000000 0.320154
0.300000 -0.232000 0.000000 0.320154


0.350000 0.232000 0.000000 0.364994
0.350000 -0.232000 0.000000 0.364994


0.400000 0.232000 0.000000 0.406876
0.400000 -0.232000 0.000000 0.406876


0.450000 0.232000 0.000000 0.445994
0.450000 -0.232000 0.000000 0.445994


0.500000 0.232000 0.000000 0.482531
0.500000 -0.232000 0.000000 0.482531


0.550000 0.232000 0.000000 0.516658
0.550000 -0.232000 0.000000 0.516658


0.600000 0.232000 0.000000 0.548532
0.600000 -0.232000 0.000000 0.548532


0.650000 0.232000 0.000000 0.578304
0.650000 -0.232000 0.000000 0.578304


0.700000 0.232000 0.000000 0.606111
0.700000 -0.232000 0.000000 0.606111


0.750000 0.232000 0.000000 0.632084
0.750000 -0.232000 0.000000 0.632084


0.800000 0.232000 0.000000 0.656343
0.800000 -0.232000 0.000000 0.656343


0.850000 0.232000 0.000000 0.679001
0.850000 -0.232000 0.000000 0.679001


0.900000 0.232000 0.000000 0.700164
0.900000 -0.232000 0.000000 0.700164


0.950000 0.232000 0.000000 0.719931
0.950000 -0.232000 0.000000 0.719931


1.000000 0.232000 0.000000 0.738394
1.000000 -0.232000 0.000000 0.738394


1.050000 0.232000 0.000000 0.755638
1.050000 -0.232000 0.000000 0.755638


1.100000 0.232000 0.000000 0.771745
1.100000 -0.232000 0.000000 0.771745


1.150000 0.232000 0.000000 0.786789
1.150000 -0.232000 0.000000 0.786789


1.200000 0.232000 0.000000 0.800840
1.200000 -0.232000 0.000000 0.800840


1.250000 0.232000 0.000000 0.813965
1.250000 -0.232000 0.000000 0.813965


1.300000 0.232000 0.000000 0.826223
1.300000 -0.232000 0.000000 0.826223


1.350000 0.232000 0.000000 0.837672
1.350000 -0.232000 0.000000 0.837672


1.400000 0.232000 0.000000 0.848366
1.400000 -0.232000 0.000000 0.848366


1.450000 0.232000 0.000000 0.858355
1.450000 -0.232000 0.000000 0.858355


1.500000 0.232000 0.000000 0.867684
1.500000 -0.232000 0.000000 0.867684


1.550000 0.232000 0.000000 0.876398
1.550000 -0.232000 0.000000 0.876398


1.600000 0.232000 0.000000 0.884537
1.600000 -0.232000 0.000000 0.884537


1.650000 0.232000 0.000000 0.892139
1.650000 -0.232000 0.000000 0.892139


1.700000 0.232000 0.000000 0.899239
1.700000 -0.232000 0.000000 0.899239


1.750000 0.232000 0.000000 0.905871
1.750000 -0.232000 0.000000 0.905871


1.800000 0.232000 0.000000 0.912065
1.800000 -0.232000 0.000000 0.912065


1.850000 0.232000 0.000000 0.917850
1.850000 -0.232000 0.000000 0.917850


1.900000 0.232000 0.000000 0.923254
1.900000 -0.232000 0.000000 0.923254


1.950000 0.232000 0.000000 0.928302
1.950000 -0.232000 0.000000 0.928302


2.000000 0.232000 0.000000 0.933016
2.000000 -0.232000 0.000000 0.933016


2.050000 0.232848 0.000786 0.904206
2.050000 -0.231152 0.000891 0.970632


2.100000 0.238098 0.006139 0.913028
2.100000 -0.225902 0.005993 0.970041


2.150000 0.247618 0.015586 0.925959
2.150000 -0.216382 0.015596 0.964770


2.200000 0.260112 0.028075 0.924642
2.200000 -0.203888 0.028106 0.973111


2.250000 0.275883 0.043869 0.926316
2.250000 -0.188117 0.043851 0.977747


2.300000 0.294989 0.062968 0.930957
2.300000 -0.169011 0.062962 0.978584


2.350000 0.317003 0.084979 0.932971
2.350000 -0.146997 0.084985 0.981106


2.400000 0.341706 0.109690 0.934249
2.400000 -0.122294 0.109688 0.983364


2.450000 0.368932 0.136931 0.935932
2.450000 -0.095068 0.136928 0.984211


2.500000 0.398427 0.166458 0.937049
2.500000 -0.065573 0.166458 0.984678


2.550000 0.429965 0.198052 0.937596
2.550000 -0.034035 0.198052 0.984915


2.600000 0.463371 0.231543 0.937964
2.600000 -0.000629 0.231542 0.984743


2.650000 0.498493 0.266782 0.938154
2.650000 0.034493 0.266782 0.984417


2.700000 0.535214 0.303649 0.938203
2.700000 0.071214 0.303650 0.984175


2.750000 0.573462 0.342063 0.938286
2.750000 0.109462 0.342063 0.984113


2.800000 0.613197 0.381973 0.938531
2.800000 0.149197 0.381974 0.984342


2.850000 0.654412 0.423357 0.939019
2.850000 0.190412 0.423358 0.984964


2.900000 0.697128 0.466218 0.939829
2.900000 0.233128 0.466219 0.986020


2.950000 0.741387 0.510588 0.941007
2.950000 0.277387 0.510588 0.987512


3.000000 0.787255 0.556519 0.942553
3.000000 0.323255 0.556519 0.989410


3.050000 0.834819 0.604092 0.944434
3.050000 0.370819 0.604093 0.991651


3.100000 0.884184 0.653416 0.946587
3.100000 0.420184 0.653416 0.994142


3.150000 0.935480 0.704623 0.948925
3.150000 0.471480 0.704623 0.996773


3.200000 0.988857 0.757876 0.951345
3.200000 0.524857 0.757875 0.999425


3.250000 1.044486 0.813357 0.953745
3.250000 0.580486 0.813356 1.001982


3.300000 1.102555 0.871268 0.956031
3.300000 0.638555 0.871268 1.004342


3.350000 1.163265 0.931823 0.958132
3.350000 0.699265 0.931822 1.006430


3.400000 1.226817 0.995233 0.959999
3.400000 0.762817 0.995232 1.008203


3.450000 1.293407 1.061699 0.961613
3.450000 0.829407 1.061698 1.009658


3.500000 1.363212 1.131403 0.962980
3.500000 0.899212 1.131402 1.010825


3.550000 1.436381 1.204496 0.964127
3.550000 0.972381 1.204496 1.011761


3.600000 1.513032 1.281096 0.965089
3.600000 1.049032 1.281096 1.012538


3.650000 1.593245 1.361282 0.965904
3.650000 1.129245 1.361282 1.013227


3.700000 1.677060 1.445092 0.966602
3.700000 1.213060 1.445092 1.013884


3.750000 1.764476 1.532526 0.967200
3.750000 1.300476 1.532526 1.014540


3.800000 1.855453 1.623540 0.967697
3.800000 1.391453 1.623541 1.015190


3.850000 1.949913 1.718055 0.968078
3.850000 1.485913 1.718055 1.015793


3.900000 2.047740 1.815949 0.968316
3.900000 1.583740 1.815949 1.016280


3.950000 2.148784 1.917068 0.968379
3.950000 1.684784 1.917068 1.016557


4.000000 2.252861 2.021229 0.968237
4.000000 1.788861 2.021228 1.016532


4.050000 2.359769 2.128223 0.967861
4.050000 1.895769 2.128222 1.016126


4.100000 2.469286 2.237832 0.967237
4.100000 2.005286 2.237831 1.015303


4.150000 2.581190 2.349834 0.966362
4.150000 2.117190 2.349833 1.014074


4.200000 2.695268 2.464020 0.965253
4.200000 2.231268 2.464019 1.012508


4.250000 2.811327 2.580199 0.963951
4.250000 2.347327 2.580198 1.010715


4.300000 2.929203 2.698209 0.962524
4.300000 2.465203 2.698208 1.008838


4.350000 3.048768 2.817919 0.961064
4.350000 2.584768 2.817919 1.007028


4.400000 3.169930 2.939231 0.959678
4.400000 2.705930 2.939232 1.005427


4.450000 3.292633 3.062080 0.958475
4.450000 2.828633 3.062081 1.004158


4.500000 3.416855 3.186429 0.957555
4.500000 2.952855 3.186430 1.003312


4.550000 3.542599 3.312269 0.956998
4.550000 3.078599 3.312270 1.002947


4.600000 3.669895 3.439617 0.956856
4.600000 3.205895 3.439618 1.003081


4.650000 3.798795 3.568514 0.957143
4.650000 3.334795 3.568515 1.003698


4.700000 3.929371 3.699027 0.957841
4.700000 3.465371 3.699027 1.004747


4.750000 4.061715 3.831249 0.958900
4.750000 3.597715 3.831249 1.006150


4.800000 4.195941 3.965299 0.960242
4.800000 3.731941 3.965299 1.007805


4.850000 4.332182 4.101322 0.961772
4.850000 3.868182 4.101322 1.009597


4.900000 4.470593 4.239488 0.963387
4.900000 4.006593 4.239488 1.011409


4.950000 4.611348 4.379987 0.964989
4.950000 4.147348 4.379987 1.013131


5.000000 4.754634 4.523023 0.966494
5.000000 4.290634 4.523022 1.014675


5.050000 4.900646 4.668805 0.967839
5.050000 4.436646 4.668804 1.015978


5.100000 5.049576 4.817535 0.968988
5.100000 4.585576 4.817534 1.017014


5.150000 5.201606 4.969403 0.969932
5.150000 4.737606 4.969402 1.017792


5.200000 5.356894 5.124572 0.970682
5.200000 4.892894 5.124572 1.018351


5.250000 5.515572 5.283176 0.971265
5.250000 5.051572 5.283176 1.018749


5.300000 5.677737 5.445311 0.971715
5.300000 5.213737 5.445310 1.019053


5.350000 5.843449 5.611035 0.972062
5.350000 5.379449 5.611035 1.019322


5.400000 6.012728 5.780367 0.972326
5.400000 5.548728 5.780367 1.019596


5.450000 6.185557 5.953286 0.972515
5.450000 5.721557 5.953287 1.019887


5.500000 6.361881 6.129732 0.972620
5.500000 5.897881 6.129732 1.020172


5.550000 6.541606 6.309606 0.972618
5.550000 6.077606 6.309606 1.020398


5.600000 6.724606 6.492772 0.972480
5.600000 6.260606 6.492772 1.020485


5.650000 6.910719 6.679065 0.972174
5.650000 6.446719 6.679065 1.020343


5.700000 7.099760 6.868292 0.971673
5.700000 6.635760 6.868291 1.019887


5.750000 7.291523 7.060242 0.970953
5.750000 6.827523 7.060241 1.019061


5.800000 7.485795 7.254699 0.970006
5.800000 7.021795 7.254698 1.017850


5.850000 7.682365 7.451449 0.968837
5.850000 7.218365 7.451448 1.016292


5.900000 7.881033 7.650296 0.967473
5.900000 7.417033 7.650295 1.014472


5.950000 8.081627 7.851065 0.965968
5.950000 7.617627 7.851064 1.012512


6.000000 8.284003 8.053609 0.964396
6.000000 7.820003 8.053609 1.010551


6.050000 8.488053 8.257816 0.962852
6.050000 8.024053 8.257816 1.008733


6.100000 8.693703 8.463605 0.961443
6.100000 8.229703 8.463605 1.007184


6.150000 8.900914 8.670923 0.960268
6.150000 8.436914 8.670924 1.006010


6.200000 9.109674 8.879749 0.959415
6.200000 8.645674 8.879750 1.005283


6.250000 9.319998 9.090086 0.958948
6.250000 8.855998 9.090087 1.005041


6.300000 9.531924 9.301963 0.958898
6.300000 9.067924 9.301964 1.005285


6.350000 9.745513 9.515434 0.959266
6.350000 9.281513 9.515434 1.005982


6.400000 9.960841 9.730578 0.960017
6.400000 9.496841 9.730578 1.007072


6.450000 10.178007 9.947500 0.961090
6.450000 9.714007 9.947500 1.008466


6.500000 10.397132 10.166330 0.962402
6.500000 9.933132 10.166330 1.010059


6.550000 10.618353 10.387225 0.963855
6.550000 10.154353 10.387225 1.011738


6.600000 10.841831 10.610362 0.965353
6.600000 10.377831 10.610361 1.013393


6.650000 11.067739 10.835935 0.966805
6.650000 10.603739 10.835934 1.014927


6.700000 11.296263 11.064147 0.968139
6.700000 10.832263 11.064146 1.016264


6.750000 11.527591 11.295202 0.969306
6.750000 11.063591 11.295201 1.017360


6.800000 11.761904 11.529292 0.970284
6.800000 11.297904 11.529291 1.018206


6.850000 11.999369 11.766592 0.971070
6.850000 11.535369 11.766591 1.018822


6.900000 12.240128 12.007248 0.971684
6.900000 11.776128 12.007247 1.019255


6.950000 12.484294 12.251372 0.972153
6.950000 12.020294 12.251372 1.019565


7.000000 12.731945 12.499043 0.972507
7.000000 12.267945 12.499043 1.019811


7.050000 12.983121 12.750298 0.972772
7.050000 12.519121 12.750297 1.020042


7.100000 13.237825 13.005135 0.972960
7.100000 12.773825 13.005135 1.020283


7.150000 13.496025 13.263514 0.973071
7.150000 13.032025 13.263514 1.020528


7.200000 13.757649 13.525358 0.973088
7.200000 13.293649 13.525358 1.020741


7.250000 14.022592 13.790550 0.972989
7.250000 13.558592 13.790550 1.020860


7.300000 14.290715 14.058943 0.972743
7.300000 13.826715 14.058943 1.020801


7.350000 14.561852 14.330360 0.972321
7.350000 14.097852 14.330359 1.020480


7.400000 14.835814 14.604602 0.971698
7.400000 14.371814 14.604601 1.019830


7.450000 15.112397 14.881458 0.970861
7.450000 14.648397 14.881456 1.018815


7.500000 15.391396 15.160716 0.969806
7.500000 14.927396 15.160715 1.017446


7.550000 15.672611 15.442174 0.968551
7.550000 15.208611 15.442173 1.015781


7.600000 15.955860 15.725648 0.967133
7.600000 15.491860 15.725647 1.013921


7.650000 16.240989 16.010979 0.965614
7.650000 15.776989 16.010978 1.011992


7.700000 16.527875 16.298039 0.964077
7.700000 16.063875 16.298039 1.010131


7.750000 16.816427 16.586732 0.962620
7.750000 16.352427 16.586731 1.008469


7.800000 17.106588 16.876991 0.961342
7.800000 16.642588 16.876991 1.007121


7.850000 17.398331 17.168780 0.960334
7.850000 16.934331 17.168780 1.006172


7.900000 17.691658 17.462091 0.959671
7.900000 17.227658 17.462091 1.005677


7.950000 17.986593 17.756938 0.959400
7.950000 17.522593 17.756938 1.005655


8.000000 18.283181 18.053365 0.959536
8.000000 17.819181 18.053365 1.006093


8.050000 18.581489 18.351436 0.960063
8.050000 18.117489 18.351436 1.006945


8.100000 18.881601 18.651244 0.960936
8.100000 18.417601 18.651244 1.008139


8.150000 19.183623 18.952905 0.962085
8.150000 18.719623 18.952904 1.009581


8.200000 19.487679 19.256561 0.963421
8.200000 19.023679 19.256560 1.011166


8.250000 19.793913 19.562377 0.964852
8.250000 19.329913 19.562376 1.012786


8.300000 20.102487 19.870536 0.966286
8.300000 19.638487 19.870535 1.014338


8.350000 20.413576 20.181235 0.967643
8.350000 19.949576 20.181234 1.015739


8.400000 20.727361 20.494674 0.968864
8.400000 20.263361 20.494672 1.016930


8.450000 21.044021 20.811047 0.969914
8.450000 20.580021 20.811046 1.017884


8.500000 21.363727 21.130536 0.970779
8.500000 20.899727 21.130535 1.018605


8.550000 21.686630 21.453298 0.971466
8.550000 21.222630 21.453297 1.019125


8.600000 22.012855 21.779462 0.971999
8.600000 21.548855 21.779461 1.019493


8.650000 22.342495 22.109119 0.972404
8.650000 21.878495 22.109118 1.019769


8.700000 22.675610 22.442327 0.972708
8.700000 22.211610 22.442326 1.020004


8.750000 23.012223 22.779103 0.972929
8.750000 22.548223 22.779103 1.020233


8.800000 23.352321 23.119427 0.973073
8.800000 22.888321 23.119426 1.020466


8.850000 23.695854 23.463239 0.973132
8.850000 23.231854 23.463239 1.020683


8.900000 24.042739 23.810445 0.973087
8.900000 23.578739 23.810444 1.020838


8.950000 24.392857 24.160913 0.972913
8.950000 23.928857 24.160912 1.020858


9.000000 24.746062 24.514484 0.972580
9.000000 24.282062 24.514483 1.020665


9.050000 25.102182 24.870972 0.972065
9.050000 24.638182 24.870970 1.020185


9.100000 25.461027 25.230175 0.971346
9.100000 24.997027 25.230173 1.019368


9.150000 25.822398 25.591885 0.970418
9.150000 25.358398 25.591883 1.018201


9.200000 26.186099 25.955897 0.969286
9.200000 25.722099 25.955895 1.016718


9.250000 26.551943 26.322020 0.967978
9.250000 26.087943 26.322018 1.014996


9.300000 26.919766 26.690085 0.966542
9.300000 26.455766 26.690084 1.013145


9.350000 27.289433 27.059952 0.965049
9.350000 26.825433 27.059951 1.011294


9.400000 27.660838 27.431508 0.963585
9.400000 27.196838 27.431507 1.009572


9.450000 28.033908 27.804674 0.962247
9.450000 27.569908 27.804673 1.008099


9.500000 28.408600 28.179399 0.961128
9.500000 27.944600 28.179399 1.006973


9.550000 28.784902 28.555662 0.960309
9.550000 28.320902 28.555661 1.006261


9.600000 29.162823 28.933465 0.959847
9.600000 28.698823 28.933465 1.006001


9.650000 29.542397 29.312840 0.959775
9.650000 29.078397 29.312839 1.006196


9.700000 29.923676 29.693838 0.960092
9.700000 29.459676 29.693838 1.006817


9.750000 30.306733 30.076540 0.960770
9.750000 29.842733 30.076539 1.007808


9.800000 30.691660 30.461048 0.961751
9.800000 30.227660 30.461047 1.009089


9.850000 31.078568 30.847492 0.962959
9.850000 30.614568 30.847491 1.010562


9.900000 31.467587 31.236022 0.964308
9.900000 31.003587 31.236021 1.012125


9.950000 31.858865 31.626811 0.965705
9.950000 31.394865 31.626810 1.013673


