0.000000 0.000000 -0.232000 0.000000
0.000000 0.000000 0.232000 0.000000


0.050000 0.000000 -0.232000 0.044933
0.050000 0.000000 0.232000 0.044933


0.100000 0.000000 -0.232000 0.106860
0.100000 0.000000 0.232000 0.106860


0.150000 0.000000 -0.232000 0.165719
0.150000 0.000000 0.232000 0.165719


0.200000 0.000000 -0.232000 0.220747
0.200000 0.000000 0.232000 0.220747


0.250000 0.000000 -0.232000 0.272146
0.250000 0.000000 0.232000 0.272146


0.300000 0.000000 -0.232000 0.320154
0.300000 0.000000 0.232000 0.320154


0.350000 0.000000 -0.232000 0.364994
0.350000 0.000000 0.232000 0.364994


0.400000 0.000000 -0.232000 0.406876
0.400000 0.000000 0.232000 0.406876


0.450000 0.000000 -0.232000 0.445994
0.450000 0.000000 0.232000 0.445994


0.500000 0.000000 -0.232000 0.482531
0.500000 0.000000 0.232000 0.482531


0.550000 0.000000 -0.232000 0.516658
0.550000 0.000000 0.232000 0.516658


0.600000 0.000000 -0.232000 0.548532
0.600000 0.000000 0.232000 0.548532


0.650000 0.000000 -0.232000 0.578304
0.650000 0.000000 0.232000 0.578304


0.700000 0.000000 -0.232000 0.606111
0.700000 0.000000 0.232000 0.606111


0.750000 0.000000 -0.232000 0.632084
0.750000 0.000000 0.232000 0.632084


0.800000 0.000000 -0.232000 0.656343
0.800000 0.000000 0.232000 0.656343


0.850000 0.000000 -0.232000 0.679001
0.850000 0.000000 0.232000 0.679001


0.900000 0.000000 -0.232000 0.700164
0.900000 0.000000 0.232000 0.700164


0.950000 0.000000 -0.232000 0.719931
0.950000 0.000000 0.232000 0.719931


1.000000 0.000000 -0.232000 0.738394
1.000000 0.000000 0.232000 0.738394


1.050000 0.000000 -0.232000 0.755638
1.050000 0.000000 0.232000 0.755638


1.100000 0.000000 -0.232000 0.771745
1.100000 0.000000 0.232000 0.771745


1.150000 0.000000 -0.232000 0.786789
1.150000 0.000000 0.232000 0.786789


1.200000 0.000000 -0.232000 0.800840
1.200000 0.000000 0.232000 0.800840


1.250000 0.000000 -0.232000 0.813965
1.250000 0.000000 0.232000 0.813965


1.300000 0.000000 -0.232000 0.826223
1.300000 0.000000 0.232000 0.826223


1.350000 0.000000 -0.232000 0.837672
1.350000 0.000000 0.232000 0.837672


1.400000 0.000000 -0.232000 0.848366
1.400000 0.000000 0.232000 0.848366


1.450000 0.000000 -0.232000 0.858355
1.450000 0.000000 0.232000 0.858355


1.500000 0.000000 -0.232000 0.867684
1.500000 0.000000 0.232000 0.867684


1.550000 0.000000 -0.232000 0.876398
1.550000 0.000000 0.232000 0.876398


1.600000 0.000000 -0.232000 0.884537
1.600000 0.000000 0.232000 0.884537


1.650000 0.000000 -0.232000 0.892139
1.650000 0.000000 0.232000 0.892139


1.700000 0.000000 -0.232000 0.899239
1.700000 0.000000 0.232000 0.899239


1.750000 0.000000 -0.232000 0.905871
1.750000 0.000000 0.232000 0.905871


1.800000 0.000000 -0.232000 0.912065
1.800000 0.000000 0.232000 0.912065


1.850000 0.000000 -0.232000 0.917850
1.850000 0.000000 0.232000 0.917850


1.900000 0.000000 -0.232000 0.923254
1.900000 0.000000 0.232000 0.923254


1.950000 0.000000 -0.232000 0.928302
1.950000 0.000000 0.232000 0.928302


2.000000 0.000000 -0.232000 0.933016
2.000000 0.000000 0.232000 0.933016


2.050000 0.000795 -0.231161 0.970128
2.050000 0.000900 0.232839 0.904710


2.100000 0.006171 -0.225934 0.970051
2.100000 0.006025 0.238066 0.913018


2.150000 0.015613 -0.216409 0.964685
2.150000 0.015623 0.247591 0.926044


2.200000 0.028096 -0.203909 0.972914
2.200000 0.028128 0.260091 0.924839


2.250000 0.043892 -0.188140 0.977614
2.250000 0.043875 0.275860 0.926449


2.300000 0.062991 -0.169035 0.978470
2.300000 0.062986 0.294965 0.931071


2.350000 0.085000 -0.147018 0.980991
2.350000 0.085006 0.316982 0.933085


2.400000 0.109706 -0.122311 0.983295
2.400000 0.109705 0.341689 0.934319


2.450000 0.136933 -0.095070 0.984197
2.450000 0.136930 0.368930 0.935946


2.500000 0.166427 -0.065542 0.984715
2.500000 0.166427 0.398458 0.937011


2.550000 0.197965 -0.033948 0.984996
2.550000 0.197965 0.430052 0.937515


2.600000 0.231371 -0.000457 0.984846
2.600000 0.231370 0.463543 0.937862


2.650000 0.266493 0.034782 0.984510
2.650000 0.266493 0.498782 0.938061


2.700000 0.303214 0.071649 0.984227
2.700000 0.303215 0.535649 0.938151


2.750000 0.341461 0.110063 0.984097
2.750000 0.341462 0.574063 0.938302


2.800000 0.381197 0.149974 0.984239
2.800000 0.381197 0.613974 0.938634


2.850000 0.422412 0.191357 0.984768
2.850000 0.422413 0.655357 0.939215


2.900000 0.465127 0.234219 0.985738
2.900000 0.465128 0.698219 0.940111


2.950000 0.509387 0.278588 0.987162
2.950000 0.509387 0.742588 0.941357


