0.000000 0.000000 0.000000 1.000000
0.000000 0.000000 0.000000 0.000000


0.050000 0.000000 0.000000 1.071525
0.050000 0.000000 0.000000 0.071525


0.100000 0.000000 0.000000 1.224976
0.100000 0.000000 0.000000 0.224976


0.150000 0.000000 0.000000 1.396835
0.150000 0.000000 0.000000 0.396835


0.200000 0.000000 0.000000 1.555013
0.200000 0.000000 0.000000 0.555013


0.250000 0.000000 0.000000 1.686280
0.250000 0.000000 0.000000 0.686280


0.300000 0.000000 0.000000 1.787941
0.300000 0.000000 0.000000 0.787941


0.350000 0.000000 0.000000 1.862577
0.350000 0.000000 0.000000 0.862577


0.400000 0.000000 0.000000 1.914901
0.400000 0.000000 0.000000 0.914901


0.450000 0.000000 0.000000 1.950012
0.450000 0.000000 0.000000 0.950012


0.500000 0.000000 0.000000 1.972526
0.500000 0.000000 0.000000 0.972526


0.550000 0.000000 0.000000 1.986237
0.550000 0.000000 0.000000 0.986237


0.600000 0.000000 0.000000 1.994061
0.600000 0.000000 0.000000 0.994061


0.650000 0.000000 0.000000 1.998124
0.650000 0.000000 0.000000 0.998124


0.700000 0.000000 0.000000 1.999909
0.700000 0.000000 0.000000 0.999909


0.750000 0.000000 0.000000 2.000404
0.750000 0.000000 0.000000 1.000404


0.800000 0.000000 0.000000 2.000239
0.800000 0.000000 0.000000 1.000239


0.850000 0.000000 0.000000 1.999793
0.850000 0.000000 0.000000 0.999793


0.900000 0.000000 0.000000 1.999280
0.900000 0.000000 0.000000 0.999280


0.950000 0.000000 0.000000 1.998809
0.950000 0.000000 0.000000 0.998809


1.000000 0.000000 0.000000 1.998424
1.000000 0.000000 0.000000 0.998424


1.050000 0.000000 0.000000 1.998136
1.050000 0.000000 0.000000 0.998136


1.100000 0.000000 0.000000 1.997936
1.100000 0.000000 0.000000 0.997936


1.150000 0.000000 0.000000 1.997808
1.150000 0.000000 0.000000 0.997808


1.200000 0.000000 0.000000 1.997737
1.200000 0.000000 0.000000 0.997737


1.250000 0.000000 0.000000 1.997706
1.250000 0.000000 0.000000 0.997706


1.300000 0.000000 0.000000 1.997703
1.300000 0.000000 0.000000 0.997703


1.350000 0.000000 0.000000 1.997719
1.350000 0.000000 0.000000 0.997719


1.400000 0.000000 0.000000 1.997746
1.400000 0.000000 0.000000 0.997746


1.450000 0.000000 0.000000 1.997779
1.450000 0.000000 0.000000 0.997779


1.500000 0.000000 0.000000 1.997815
1.500000 0.000000 0.000000 0.997815


1.550000 0.000000 0.000000 1.997853
1.550000 0.000000 0.000000 0.997853


1.600000 0.000000 0.000000 1.997890
1.600000 0.000000 0.000000 0.997890


1.650000 0.000000 0.000000 1.997926
1.650000 0.000000 0.000000 0.997926


1.700000 0.000000 0.000000 1.997961
1.700000 0.000000 0.000000 0.997961


1.750000 0.000000 0.000000 1.997995
1.750000 0.000000 0.000000 0.997995


1.800000 0.000000 0.000000 1.998028
1.800000 0.000000 0.000000 0.998028


1.850000 0.000000 0.000000 1.998059
1.850000 0.000000 0.000000 0.998059


1.900000 0.000000 0.000000 1.998089
1.900000 0.000000 0.000000 0.998089


1.950000 0.000000 0.000000 1.998118
1.950000 0.000000 0.000000 0.998118


2.000000 0.000000 0.000000 1.998145
2.000000 0.000000 0.000000 0.998145


2.050000 0.010205 0.005467 1.998188
2.050000 0.000029 0.000008 0.998255


2.100000 0.022211 0.017246 1.998276
2.100000 0.000305 0.000159 0.998662


2.150000 0.034217 0.029749 1.998378
2.150000 0.001118 0.000729 0.999348


2.200000 0.046223 0.042297 1.998463
2.200000 0.002744 0.002009 1.000221


2.250000 0.058229 0.054809 1.998514
2.250000 0.005436 0.004277 1.001188


2.300000 0.070235 0.067276 1.998524
2.300000 0.009420 0.007781 1.002150


2.350000 0.082241 0.079703 1.998498
2.350000 0.014890 0.012738 1.003018


2.400000 0.094247 0.092097 1.998442
2.400000 0.022003 0.019328 1.003713


2.450000 0.109975 0.105297 1.998390
2.450000 0.030906 0.027719 1.004544


2.500000 0.133987 0.127403 1.998525
2.500000 0.041879 0.038152 1.006783


2.550000 0.157999 0.152057 1.998612
2.550000 0.055126 0.050793 1.009085


2.600000 0.182011 0.176970 1.998592
2.600000 0.070876 0.065897 1.011013


2.650000 0.206023 0.201900 1.998486
2.650000 0.089316 0.083690 1.012379


2.700000 0.230035 0.226822 1.998331
2.700000 0.110574 0.104336 1.013076


2.750000 0.254047 0.251744 1.998164
2.750000 0.134716 0.127938 1.013059


2.800000 0.278059 0.276678 1.998019
2.800000 0.161742 0.154531 1.012347


2.850000 0.302071 0.301637 1.997925
2.850000 0.191589 0.184087 1.011023


2.900000 0.326083 0.326635 1.997899
2.900000 0.224129 0.216507 1.009225


2.950000 0.350095 0.351685 1.997951
2.950000 0.259170 0.251627 1.007133


3.000000 0.374107 0.376802 1.998080
3.000000 0.296457 0.289218 1.004953


3.050000 0.398119 0.401996 1.998274
3.050000 0.335676 0.328987 1.002900


3.100000 0.422131 0.427279 1.998516
3.100000 0.376460 0.370584 1.001169


3.150000 0.446143 0.452658 1.998780
3.150000 0.418396 0.413609 0.999928


3.200000 0.470155 0.478138 1.999038
3.200000 0.461038 0.457626 0.999290


3.250000 0.494167 0.503723 1.999260
3.250000 0.503918 0.502167 0.999308


3.300000 0.518179 0.529409 1.999420
3.300000 0.546563 0.546758 0.999973


3.350000 0.542191 0.555192 1.999496
3.350000 0.588504 0.590923 1.001208


3.400000 0.566203 0.581061 1.999475
3.400000 0.629297 0.634205 1.002884


3.450000 0.590215 0.607006 1.999354
3.450000 0.668530 0.676175 1.004828


3.500000 0.614227 0.633012 1.999138
3.500000 0.705835 0.716444 1.006844


3.550000 0.638239 0.659063 1.998842
3.550000 0.740898 0.754671 1.008731


3.600000 0.662251 0.685143 1.998489
3.600000 0.773458 0.790569 1.010300


3.650000 0.686263 0.711235 1.998109
3.650000 0.803318 0.823907 1.011396


3.700000 0.710275 0.737323 1.997733
3.700000 0.830343 0.854518 1.011909


3.750000 0.734287 0.763392 1.997392
3.750000 0.854463 0.882293 1.011786


3.800000 0.758299 0.789429 1.997116
3.800000 0.875672 0.907188 1.011035


3.850000 0.782311 0.815419 1.996929
3.850000 0.894028 0.929223 1.009727


3.900000 0.806323 0.841349 1.996847
3.900000 0.909657 0.948481 1.007987


3.950000 0.830335 0.867207 1.996879
3.950000 0.922749 0.965109 1.005983


4.000000 0.854347 0.892982 1.997024
4.000000 0.933557 0.979318 1.003912


4.050000 0.878359 0.918662 1.997273
4.050000 0.942393 0.991380 1.001978


4.100000 0.902371 0.944237 1.997608
4.100000 0.949624 1.001621 1.000374


4.150000 0.926383 0.969699 1.998003
4.150000 0.955663 1.010416 0.999261


4.200000 0.950395 0.995042 1.998430
4.200000 0.960957 1.018178 0.998753


4.250000 0.974407 1.020261 1.998858
4.250000 0.965977 1.025350 0.998906


4.300000 0.998419 1.045358 1.999256
4.300000 0.971199 1.032384 0.999711


4.350000 1.022431 1.070336 1.999599
4.350000 0.977095 1.039734 1.001096


4.400000 1.046443 1.095200 1.999865
4.400000 0.984116 1.047840 1.002934


4.450000 1.070455 1.119962 2.000044
4.450000 0.992677 1.057114 1.005056


4.500000 1.094467 1.144633 2.000132
4.500000 1.003153 1.067934 1.007268


4.550000 1.118479 1.169229 2.000134
4.550000 1.015865 1.080631 1.009367


4.600000 1.142491 1.193764 2.000065
4.600000 1.031078 1.095486 1.011162


4.650000 1.166503 1.218257 1.999943
4.650000 1.048995 1.112726 1.012495


4.700000 1.190515 1.242722 1.999793
4.700000 1.069756 1.132519 1.013247


4.750000 1.214527 1.267178 1.999637
4.750000 1.093436 1.154975 1.013357


4.800000 1.238539 1.291640 1.999499
4.800000 1.120046 1.180145 1.012823


4.850000 1.262551 1.316124 1.999397
4.850000 1.149530 1.208018 1.011703


4.900000 1.286563 1.340644 1.999344
4.900000 1.181766 1.238522 1.010107


4.950000 1.310575 1.365215 1.999345
4.950000 1.216568 1.271527 1.008191


5.000000 1.334587 1.389850 1.999398
5.000000 1.253687 1.306838 1.006139


5.050000 1.358599 1.414560 1.999494
5.050000 1.292812 1.344208 1.004143


5.100000 1.382611 1.439357 1.999615
5.100000 1.333580 1.383333 1.002390


5.150000 1.406623 1.464247 1.999740
5.150000 1.375580 1.423864 1.001038


5.200000 1.430635 1.489235 1.999843
5.200000 1.418367 1.465414 1.000202


5.250000 1.454647 1.514325 1.999901
5.250000 1.461471 1.507571 0.999947


5.300000 1.478659 1.539514 1.999890
5.300000 1.504412 1.549906 1.000275


5.350000 1.502671 1.564797 1.999793
5.350000 1.546718 1.591989 1.001134


5.400000 1.526683 1.590166 1.999602
5.400000 1.587933 1.633403 1.002416


5.450000 1.550695 1.615611 1.999315
5.450000 1.627635 1.673750 1.003976


5.500000 1.574707 1.641118 1.998941
5.500000 1.665443 1.712668 1.005640


5.550000 1.598719 1.666674 1.998498
5.550000 1.701026 1.749832 1.007227


5.600000 1.622731 1.692265 1.998010
5.600000 1.734112 1.784968 1.008566


5.650000 1.646743 1.717876 1.997509
5.650000 1.764489 1.817850 1.009510


5.700000 1.670755 1.743493 1.997026
5.700000 1.792008 1.848306 1.009954


5.750000 1.694767 1.769104 1.996596
5.750000 1.816587 1.876222 1.009841


5.800000 1.718779 1.794696 1.996249
5.800000 1.838210 1.901539 1.009172


5.850000 1.742791 1.820258 1.996009
5.850000 1.856927 1.924258 1.008003


5.900000 1.766803 1.845778 1.995897
5.900000 1.872855 1.944436 1.006443


5.950000 1.790815 1.871247 1.995922
5.950000 1.886179 1.962193 1.004642


6.000000 1.814827 1.896653 1.996085
6.000000 1.897147 1.977704 1.002780


6.050000 1.838839 1.921987 1.996378
6.050000 1.906067 1.991200 1.001044


6.100000 1.862851 1.947240 1.996786
6.100000 1.913303 2.002965 0.999616


6.150000 1.886863 1.972403 1.997285
6.150000 1.919269 2.013328 0.998648


6.200000 1.910875 1.997469 1.997844
6.200000 1.924413 2.022656 0.998253


6.250000 1.934887 2.022433 1.998433
6.250000 1.929207 2.031343 0.998489


6.300000 1.958899 2.047294 1.999017
6.300000 1.934134 2.039798 0.999352


6.350000 1.982911 2.072052 1.999567
6.350000 1.939673 2.048431 1.000782


6.400000 2.006923 2.096712 2.000057
6.400000 1.946284 2.057647 1.002662


6.450000 2.030935 2.121280 2.000468
6.450000 1.954393 2.067826 1.004836


6.500000 2.054947 2.145768 2.000789
6.500000 1.964386 2.079318 1.007118


6.550000 2.078959 2.170186 2.001018
6.550000 1.976597 2.092437 1.009314


6.600000 2.102971 2.194549 2.001161
6.600000 1.991304 2.107450 1.011239


6.650000 2.126983 2.218872 2.001229
6.650000 2.008721 2.124577 1.012734


6.700000 2.150995 2.243172 2.001239
6.700000 2.029001 2.143984 1.013677


6.750000 2.175007 2.267463 2.001210
6.750000 2.052229 2.165789 1.013998


6.800000 2.199019 2.291763 2.001161
6.800000 2.078426 2.190050 1.013684


6.850000 2.223031 2.316085 2.001107
6.850000 2.107544 2.216774 1.012775


6.900000 2.247043 2.340446 2.001059
6.900000 2.139469 2.245912 1.011367


6.950000 2.271055 2.364859 2.001023
6.950000 2.174022 2.277358 1.009596


7.000000 2.295067 2.389338 2.000998
7.000000 2.210960 2.310953 1.007629


7.050000 2.319079 2.413893 2.000976
7.050000 2.249977 2.346484 1.005647


7.100000 2.343091 2.438534 2.000944
7.100000 2.290714 2.383692 1.003824


7.150000 2.367103 2.463268 2.000884
7.150000 2.332763 2.422270 1.002315


7.200000 2.391115 2.488100 2.000776
7.200000 2.375677 2.461879 1.001239


7.250000 2.415127 2.513031 2.000601
7.250000 2.418987 2.502152 1.000668


7.300000 2.439139 2.538058 2.000343
7.300000 2.462209 2.542705 1.000619


7.350000 2.463151 2.563177 1.999990
7.350000 2.504864 2.583150 1.001060


7.400000 2.487163 2.588381 1.999539
7.400000 2.546488 2.623104 1.001905


7.450000 2.511175 2.613658 1.998997
7.450000 2.586647 2.662204 1.003031


7.500000 2.535187 2.638996 1.998376
7.500000 2.624948 2.700110 1.004289


7.550000 2.559199 2.664384 1.997699
7.550000 2.661045 2.736517 1.005518


7.600000 2.583211 2.689808 1.996997
7.600000 2.694653 2.771163 1.006562


7.650000 2.607223 2.715256 1.996303
7.650000 2.725544 2.803826 1.007286


7.700000 2.631235 2.740715 1.995655
7.700000 2.753558 2.834336 1.007590


7.750000 2.655247 2.766175 1.995088
7.750000 2.778598 2.862571 1.007418


7.800000 2.679259 2.791625 1.994636
7.800000 2.800639 2.888463 1.006765


7.850000 2.703271 2.817057 1.994326
7.850000 2.819721 2.911996 1.005677


7.900000 2.727283 2.842462 1.994180
7.900000 2.835955 2.933207 1.004252


7.950000 2.751295 2.867830 1.994209
7.950000 2.849516 2.952189 1.002626


8.000000 2.775307 2.893153 1.994417
8.000000 2.860649 2.969085 1.000963


8.050000 2.799319 2.918421 1.994796
8.050000 2.869659 2.984095 0.999437


8.100000 2.823331 2.943627 1.995332
8.100000 2.876908 2.997462 0.998220


8.150000 2.847343 2.968762 1.995999
8.150000 2.882808 3.009475 0.997458


8.200000 2.871355 2.993817 1.996767
8.200000 2.887809 3.020460 0.997257


8.250000 2.895367 3.018787 1.997600
8.250000 2.892388 3.030769 0.997676


8.300000 2.919379 3.043669 1.998461
8.300000 2.897032 3.040768 0.998714


8.350000 2.943391 3.068459 1.999312
8.350000 2.902226 3.050833 1.000315


8.400000 2.967403 3.093161 2.000121
8.400000 2.908440 3.061330 1.002368


8.450000 2.991415 3.117777 2.000859
8.450000 2.916110 3.072611 1.004722


8.500000 3.015427 3.142316 2.001507
8.500000 2.925634 3.085002 1.007197


8.550000 3.039439 3.166788 2.002051
8.550000 2.937357 3.098795 1.009602


8.600000 3.063451 3.191205 2.002488
8.600000 2.951567 3.114243 1.011751


8.650000 3.087463 3.215579 2.002820
8.650000 2.968493 3.131559 1.013484


8.700000 3.111475 3.239928 2.003056
8.700000 2.988297 3.150905 1.014673


8.750000 3.135487 3.264265 2.003209
8.750000 3.011075 3.172401 1.015240


8.800000 3.159499 3.288608 2.003291
8.800000 3.036857 3.196113 1.015159


8.850000 3.183511 3.312971 2.003315
8.850000 3.065605 3.222061 1.014460


8.900000 3.207523 3.337370 2.003289
8.900000 3.097212 3.250213 1.013221


8.950000 3.231535 3.361818 2.003221
8.950000 3.131507 3.280488 1.011565


9.000000 3.255548 3.386330 2.003108
9.000000 3.168253 3.312753 1.009646


9.050000 3.279560 3.410915 2.002945
9.050000 3.207149 3.346830 1.007631


9.100000 3.303572 3.435584 2.002723
9.100000 3.247840 3.382494 1.005690


9.150000 3.327584 3.460342 2.002429
9.150000 3.289922 3.419481 1.003975


9.200000 3.351596 3.485194 2.002049
9.200000 3.332949 3.457490 1.002607


9.250000 3.375608 3.510139 2.001570
9.250000 3.376451 3.496197 1.001667


9.300000 3.399620 3.535175 2.000982
9.300000 3.419941 3.535260 1.001189


9.350000 3.423632 3.560296 2.000284
9.350000 3.462933 3.574327 1.001155


9.400000 3.447644 3.585495 1.999480
9.400000 3.504956 3.613052 1.001504


9.450000 3.471656 3.610760 1.998584
9.450000 3.545564 3.651100 1.002135


9.500000 3.495668 3.636082 1.997619
9.500000 3.584352 3.688156 1.002921


9.550000 3.519680 3.661447 1.996614
9.550000 3.620961 3.723934 1.003721


9.600000 3.543692 3.686843 1.995608
9.600000 3.655090 3.758183 1.004396


9.650000 3.567704 3.712261 1.994641
9.650000 3.686497 3.790691 1.004824


9.700000 3.591716 3.737690 1.993756
9.700000 3.715009 3.821288 1.004913


9.750000 3.615728 3.763121 1.992993
9.750000 3.740516 3.849848 1.004608


9.800000 3.639740 3.788546 1.992392
9.800000 3.762981 3.876295 1.003902


9.850000 3.663752 3.813958 1.991982
9.850000 3.782434 3.900600 1.002837


9.900000 3.687764 3.839351 1.991788
9.900000 3.798978 3.922781 1.001500


9.950000 3.711776 3.864717 1.991824
9.950000 3.812783 3.942908 1.000015


10.000000 3.735788 3.890050 1.992094
10.000000 3.824086 3.961101 0.998537


10.050000 3.759800 3.915343 1.992592
10.050000 3.833191 3.977526 0.997229


10.100000 3.783812 3.940586 1.993301
10.100000 3.840457 3.992395 0.996252


10.150000 3.807824 3.965772 1.994197
10.150000 3.846297 4.005961 0.995746


10.200000 3.831836 3.990893 1.995244
10.200000 3.851161 4.018512 0.995812


10.250000 3.855848 4.015941 1.996402
10.250000 3.855530 4.030362 0.996506


10.300000 3.879860 4.040911 1.997627
10.300000 3.859898 4.041843 0.997827


10.350000 3.903872 4.065798 1.998874
10.350000 3.864756 4.053293 0.999718


10.400000 3.927884 4.090601 2.000100
10.400000 3.870582 4.065049 1.002070


10.450000 3.951896 4.115322 2.001264
10.450000 3.877823 4.077433 1.004731


10.500000 3.975908 4.139966 2.002335
10.500000 3.886887 4.090747 1.007522


10.550000 3.999920 4.164540 2.003287
10.550000 3.898131 4.105264 1.010249


10.600000 4.023932 4.189055 2.004105
10.600000 3.911853 4.121224 1.012724


10.650000 4.047944 4.213524 2.004781
10.650000 3.928294 4.138828 1.014779


10.700000 4.071956 4.237961 2.005313
10.700000 3.947625 4.158235 1.016280


10.750000 4.095968 4.262381 2.005705
10.750000 3.969954 4.179564 1.017140


10.800000 4.119980 4.286800 2.005966
10.800000 3.995319 4.202887 1.017321


10.850000 4.143992 4.311234 2.006102
10.850000 4.023691 4.228233 1.016840


10.900000 4.168004 4.335700 2.006120
10.900000 4.054973 4.255586 1.015763


10.950000 4.192016 4.360211 2.006025
10.950000 4.089001 4.284883 1.014201


11.000000 4.216028 4.384781 2.005817
11.000000 4.125542 4.316018 1.012296


11.050000 4.240040 4.409421 2.005492
11.050000 4.164304 4.348839 1.010206


11.100000 4.264052 4.434140 2.005046
11.100000 4.204937 4.383155 1.008098


11.150000 4.288064 4.458947 2.004470
11.150000 4.247038 4.418735 1.006122


11.200000 4.312076 nan nan
11.200000 nan nan nan


11.250000 4.336088 nan nan
11.250000 nan nan nan


11.300000 4.360100 nan nan
11.300000 nan nan nan


11.350000 4.384112 nan nan
11.350000 nan nan nan


11.400000 4.408124 nan nan
11.400000 nan nan nan


11.450000 4.432136 nan nan
11.450000 nan nan nan


11.500000 4.456148 nan nan
11.500000 nan nan nan


11.550000 4.480160 nan nan
11.550000 nan nan nan


11.600000 4.504172 nan nan
11.600000 nan nan nan


11.650000 4.528184 nan nan
11.650000 nan nan nan


11.700000 4.552196 nan nan
11.700000 nan nan nan


11.750000 4.576208 nan nan
11.750000 nan nan nan


11.800000 4.600220 nan nan
11.800000 nan nan nan


11.850000 4.624232 nan nan
11.850000 nan nan nan


11.900000 4.648244 nan nan
11.900000 nan nan nan


11.950000 4.672256 nan nan
11.950000 nan nan nan


12.000000 4.696268 nan nan
12.000000 nan nan nan


