0.000000 0.000000 0.000000 1.000000 0.000000 0.000000 0.000000 0.000000 0.000000 0.000000 0.000000 0.000000 2.000000
0.050000 0.000000 0.000000 1.071525 0.000000 0.000000 0.000000 0.000000 0.000000 0.071525 0.000000 0.000000 2.000000
0.100000 0.000000 0.000000 1.224976 0.000000 0.000000 0.000000 0.000000 0.000000 0.224976 0.000000 0.000000 2.000000
0.150000 0.000000 0.000000 1.396835 0.000000 0.000000 0.000000 0.000000 0.000000 0.396835 0.000000 0.000000 2.000000
0.200000 0.000000 0.000000 1.555013 0.000000 0.000000 0.000000 0.000000 0.000000 0.555013 0.000000 0.000000 2.000000
0.250000 0.000000 0.000000 1.686280 0.000000 0.000000 0.000000 0.000000 0.000000 0.686280 0.000000 0.000000 2.000000
0.300000 0.000000 0.000000 1.787941 0.000000 0.000000 0.000000 0.000000 0.000000 0.787941 0.000000 0.000000 2.000000
0.350000 0.000000 0.000000 1.862577 0.000000 0.000000 0.000000 0.000000 0.000000 0.862577 0.000000 0.000000 2.000000
0.400000 0.000000 0.000000 1.914901 0.000000 0.000000 0.000000 0.000000 0.000000 0.914901 0.000000 0.000000 2.000000
0.450000 0.000000 0.000000 1.950012 0.000000 0.000000 0.000000 0.000000 0.000000 0.950012 0.000000 0.000000 2.000000
0.500000 0.000000 0.000000 1.972526 0.000000 0.000000 0.000000 0.000000 0.000000 0.972526 0.000000 0.000000 2.000000
0.550000 0.000000 0.000000 1.986237 0.000000 0.000000 0.000000 0.000000 0.000000 0.986237 0.000000 0.000000 2.000000
0.600000 0.000000 0.000000 1.994061 0.000000 0.000000 0.000000 0.000000 0.000000 0.994061 0.000000 0.000000 2.000000
0.650000 0.000000 0.000000 1.998124 0.000000 0.000000 0.000000 0.000000 0.000000 0.998124 0.000000 0.000000 2.000000
0.700000 0.000000 0.000000 1.999909 0.000000 0.000000 0.000000 0.000000 0.000000 0.999909 0.000000 0.000000 2.000000
0.750000 0.000000 0.000000 2.000404 0.000000 0.000000 0.000000 0.000000 0.000000 1.000404 0.000000 0.000000 2.000000
0.800000 0.000000 0.000000 2.000239 0.000000 0.000000 0.000000 0.000000 0.000000 1.000239 0.000000 0.000000 2.000000
0.850000 0.000000 0.000000 1.999793 0.000000 0.000000 0.000000 0.000000 0.000000 0.999793 0.000000 0.000000 2.000000
0.900000 0.000000 0.000000 1.999280 0.000000 0.000000 0.000000 0.000000 0.000000 0.999280 0.000000 0.000000 2.000000
0.950000 0.000000 0.000000 1.998809 0.000000 0.000000 0.000000 0.000000 0.000000 0.998809 0.000000 0.000000 2.000000
1.000000 0.000000 0.000000 1.998424 0.000000 0.000000 0.000000 0.000000 0.000000 0.998424 0.000000 0.000000 2.000000
1.050000 0.000000 0.000000 1.998136 0.000000 0.000000 0.000000 0.000000 0.000000 0.998136 0.000000 0.000000 2.000000
1.100000 0.000000 0.000000 1.997936 0.000000 0.000000 0.000000 0.000000 0.000000 0.997936 0.000000 0.000000 2.000000
1.150000 0.000000 0.000000 1.997808 0.000000 0.000000 0.000000 0.000000 0.000000 0.997808 0.000000 0.000000 2.000000
1.200000 0.000000 0.000000 1.997737 0.000000 0.000000 0.000000 0.000000 0.000000 0.997737 0.000000 0.000000 2.000000
1.250000 0.000000 0.000000 1.997706 0.000000 0.000000 0.000000 0.000000 0.000000 0.997706 0.000000 0.000000 2.000000
1.300000 0.000000 0.000000 1.997703 0.000000 0.000000 0.000000 0.000000 0.000000 0.997703 0.000000 0.000000 2.000000
1.350000 0.000000 0.000000 1.997719 0.000000 0.000000 0.000000 0.000000 0.000000 0.997719 0.000000 0.000000 2.000000
1.400000 0.000000 0.000000 1.997746 0.000000 0.000000 0.000000 0.000000 0.000000 0.997746 0.000000 0.000000 2.000000
1.450000 0.000000 0.000000 1.997779 0.000000 0.000000 0.000000 0.000000 0.000000 0.997779 0.000000 0.000000 2.000000
1.500000 0.000000 0.000000 1.997815 0.000000 0.000000 0.000000 0.000000 0.000000 0.997815 0.000000 0.000000 2.000000
1.550000 0.000000 0.000000 1.997853 0.000000 0.000000 0.000000 0.000000 0.000000 0.997853 0.000000 0.000000 2.000000
1.600000 0.000000 0.000000 1.997890 0.000000 0.000000 0.000000 0.000000 0.000000 0.997890 0.000000 0.000000 2.000000
1.650000 0.000000 0.000000 1.997926 0.000000 0.000000 0.000000 0.000000 0.000000 0.997926 0.000000 0.000000 2.000000
1.700000 0.000000 0.000000 1.997961 0.000000 0.000000 0.000000 0.000000 0.000000 0.997961 0.000000 0.000000 2.000000
1.750000 0.000000 0.000000 1.997995 0.000000 0.000000 0.000000 0.000000 0.000000 0.997995 0.000000 0.000000 2.000000
1.800000 0.000000 0.000000 1.998028 0.000000 0.000000 0.000000 0.000000 0.000000 0.998028 0.000000 0.000000 2.000000
1.850000 0.000000 0.000000 1.998059 0.000000 0.000000 0.000000 0.000000 0.000000 0.998059 0.000000 0.000000 2.000000
1.900000 0.000000 0.000000 1.998089 0.000000 0.000000 0.000000 0.000000 0.000000 0.998089 0.000000 0.000000 2.000000
1.950000 0.000000 0.000000 1.998118 0.000000 0.000000 0.000000 0.000000 0.000000 0.998118 0.000000 0.000000 2.000000
2.000000 0.000000 0.000000 1.998145 0.000000 0.000000 0.000000 0.000000 0.000000 0.998145 0.000000 0.000000 2.000000
2.050000 0.010205 0.005467 1.998188 -0.127136 0.027996 -0.000015 0.000029 0.000008 0.998255 0.010937 0.010937 2.000000
2.100000 0.022211 0.017246 1.998276 -0.018162 0.029236 -0.000145 0.000305 0.000159 0.998662 0.023437 0.023437 2.000000
2.150000 0.034217 0.029749 1.998378 -0.009732 0.030396 -0.000077 0.001118 0.000729 0.999348 0.035937 0.035937 2.000000
2.200000 0.046223 0.042297 1.998463 -0.011774 0.031547 -0.000034 0.002744 0.002009 1.000221 0.048437 0.048437 2.000000
2.250000 0.058229 0.054809 1.998514 -0.014831 0.032699 -0.000013 0.005436 0.004277 1.001188 0.060937 0.060937 2.000000
2.300000 0.070235 0.067276 1.998524 -0.017738 0.033861 -0.000004 0.009420 0.007781 1.002150 0.073437 0.073437 2.000000
2.350000 0.082241 0.079703 1.998498 -0.020251 0.035040 -0.000000 0.014890 0.012738 1.003018 0.085937 0.085937 2.000000
2.400000 0.094247 0.092097 1.998442 -0.022276 0.036244 0.000002 0.022003 0.019328 1.003713 0.098437 0.098437 2.000000
2.450000 0.109975 0.105297 1.998390 -0.421683 0.063670 0.002152 0.030906 0.027719 1.004544 0.115037 0.115037 2.000000
2.500000 0.133987 0.127403 1.998525 -0.073943 0.067723 0.000134 0.041879 0.038152 1.006783 0.140037 0.140037 2.000000
2.550000 0.157999 0.152057 1.998612 -0.036787 0.069896 -0.000065 0.055126 0.050793 1.009085 0.165037 0.165037 2.000000
2.600000 0.182011 0.176970 1.998592 -0.035155 0.072081 -0.000040 0.070876 0.065897 1.011013 0.190037 0.190037 2.000000
2.650000 0.206023 0.201900 1.998486 -0.036705 0.074349 -0.000017 0.089316 0.083690 1.012379 0.215037 0.215037 2.000000
2.700000 0.230035 0.226822 1.998331 -0.038013 0.076724 -0.000005 0.110574 0.104336 1.013076 0.240037 0.240037 2.000000
2.750000 0.254047 0.251744 1.998164 -0.038651 0.079225 -0.000000 0.134716 0.127938 1.013059 0.265037 0.265037 2.000000
2.800000 0.278059 0.276678 1.998019 -0.038539 0.081867 0.000002 0.161742 0.154531 1.012347 0.290037 0.290037 2.000000
2.850000 0.302071 0.301637 1.997925 -0.037649 0.084655 0.000004 0.191589 0.184087 1.011023 0.315037 0.315037 2.000000
2.900000 0.326083 0.326635 1.997899 -0.035957 0.087587 0.000004 0.224129 0.216507 1.009225 0.340037 0.340037 2.000000
2.950000 0.350095 0.351685 1.997951 -0.033449 0.090654 0.000005 0.259170 0.251627 1.007133 0.365037 0.365037 2.000000
3.000000 0.374107 0.376802 1.998080 -0.030119 0.093833 0.000005 0.296457 0.289218 1.004953 0.390037 0.390037 2.000000
3.050000 0.398119 0.401996 1.998274 -0.025989 0.097095 0.000005 0.335676 0.328987 1.002900 0.415037 0.415037 2.000000
3.100000 0.422131 0.427279 1.998516 -0.021118 0.100404 0.000005 0.376460 0.370584 1.001169 0.440037 0.440037 2.000000
3.150000 0.446143 0.452658 1.998780 -0.015613 0.103718 0.000005 0.418396 0.413609 0.999928 0.465037 0.465037 2.000000
3.200000 0.470155 0.478138 1.999038 -0.009630 0.106998 0.000005 0.461038 0.457626 0.999290 0.490037 0.490037 2.000000
3.250000 0.494167 0.503723 1.999260 -0.003369 0.110208 0.000004 0.503918 0.502167 0.999308 0.515037 0.515037 2.000000
3.300000 0.518179 0.529409 1.999420 0.002944 0.113326 0.000003 0.546563 0.546758 0.999973 0.540037 0.540037 2.000000
3.350000 0.542191 0.555192 1.999496 0.009077 0.116341 0.000003 0.588504 0.590923 1.001208 0.565037 0.565037 2.000000
3.400000 0.566203 0.581061 1.999475 0.014820 0.119260 0.000002 0.629297 0.634205 1.002884 0.590037 0.590037 2.000000
3.450000 0.590215 0.607006 1.999354 0.019998 0.122106 0.000001 0.668530 0.676175 1.004828 0.615037 0.615037 2.000000
3.500000 0.614227 0.633012 1.999138 0.024489 0.124914 -0.000000 0.705835 0.716444 1.006844 0.640037 0.640037 2.000000
3.550000 0.638239 0.659063 1.998842 0.028224 0.127730 -0.000001 0.740898 0.754671 1.008731 0.665037 0.665037 2.000000
3.600000 0.662251 0.685143 1.998489 0.031178 0.130605 -0.000001 0.773458 0.790569 1.010300 0.690037 0.690037 2.000000
3.650000 0.686263 0.711235 1.998109 0.033359 0.133589 -0.000001 0.803318 0.823907 1.011396 0.715037 0.715037 2.000000
3.700000 0.710275 0.737323 1.997733 0.034797 0.136729 -0.000001 0.830343 0.854518 1.011909 0.740037 0.740037 2.000000
3.750000 0.734287 0.763392 1.997392 0.035520 0.140062 -0.000001 0.854463 0.882293 1.011786 0.765037 0.765037 2.000000
3.800000 0.758299 0.789429 1.997116 0.035553 0.143618 -0.000001 0.875672 0.907188 1.011035 0.790037 0.790037 2.000000
3.850000 0.782311 0.815419 1.996929 0.034903 0.147415 -0.000002 0.894028 0.929223 1.009727 0.815037 0.815037 2.000000
3.900000 0.806323 0.841349 1.996847 0.033564 0.151453 -0.000002 0.909657 0.948481 1.007987 0.840037 0.840037 2.000000
3.950000 0.830335 0.867207 1.996879 0.031519 0.155722 -0.000002 0.922749 0.965109 1.005983 0.865037 0.865037 2.000000
4.000000 0.854347 0.892982 1.997024 0.028750 0.160193 -0.000003 0.933557 0.979318 1.003912 0.890037 0.890037 2.000000
4.050000 0.878359 0.918662 1.997273 0.025253 0.164826 -0.000003 0.942393 0.991380 1.001978 0.915037 0.915037 2.000000
4.100000 0.902371 0.944237 1.997608 0.021051 0.169565 -0.000003 0.949624 1.001621 1.000374 0.940037 0.940037 2.000000
4.150000 0.926383 0.969699 1.998003 0.016205 0.174348 -0.000003 0.955663 1.010416 0.999261 0.965037 0.965037 2.000000
4.200000 0.950395 0.995042 1.998430 0.010823 0.179110 -0.000003 0.960957 1.018178 0.998753 0.990037 0.990037 2.000000
4.250000 0.974407 1.020261 1.998858 0.005058 0.183792 -0.000002 0.965977 1.025350 0.998906 1.015037 1.015037 2.000000
4.300000 0.998419 1.045358 1.999256 -0.000903 0.188344 -0.000001 0.971199 1.032384 0.999711 1.040037 1.040037 2.000000
4.350000 1.022431 1.070336 1.999599 -0.006852 0.192739 0.000000 0.977095 1.039734 1.001096 1.065037 1.065037 2.000000
4.400000 1.046443 1.095200 1.999865 -0.012581 0.196969 0.000002 0.984116 1.047840 1.002934 1.090037 1.090037 2.000000
4.450000 1.070455 1.119962 2.000044 -0.017903 0.201053 0.000003 0.992677 1.057114 1.005056 1.115037 1.115037 2.000000
4.500000 1.094467 1.144633 2.000132 -0.022663 0.205029 0.000005 1.003153 1.067934 1.007268 1.140037 1.140037 2.000000
4.550000 1.118479 1.169229 2.000134 -0.026751 0.208950 0.000006 1.015865 1.080631 1.009367 1.165037 1.165037 2.000000
4.600000 1.142491 1.193764 2.000065 -0.030095 0.212880 0.000006 1.031078 1.095486 1.011162 1.190037 1.190037 2.000000
4.650000 1.166503 1.218257 1.999943 -0.032659 0.216884 0.000007 1.048995 1.112726 1.012495 1.215037 1.215037 2.000000
4.700000 1.190515 1.242722 1.999793 -0.034428 0.221019 0.000007 1.069756 1.132519 1.013247 1.240037 1.240037 2.000000
4.750000 1.214527 1.267178 1.999637 -0.035403 0.225333 0.000008 1.093436 1.154975 1.013357 1.265037 1.265037 2.000000
4.800000 1.238539 1.291640 1.999499 -0.035587 0.229856 0.000008 1.120046 1.180145 1.012823 1.290037 1.290037 2.000000
4.850000 1.262551 1.316124 1.999397 -0.034983 0.234598 0.000008 1.149530 1.208018 1.011703 1.315037 1.315037 2.000000
4.900000 1.286563 1.340644 1.999344 -0.033590 0.239547 0.000009 1.181766 1.238522 1.010107 1.340037 1.340037 2.000000
4.950000 1.310575 1.365215 1.999345 -0.031414 0.244669 0.000009 1.216568 1.271527 1.008191 1.365037 1.365037 2.000000
5.000000 1.334587 1.389850 1.999398 -0.028471 0.249909 0.000009 1.253687 1.306838 1.006139 1.390037 1.390037 2.000000
5.050000 1.358599 1.414560 1.999494 -0.024799 0.255193 0.000009 1.292812 1.344208 1.004143 1.415037 1.415037 2.000000
5.100000 1.382611 1.439357 1.999615 -0.020469 0.260437 0.000009 1.333580 1.383333 1.002390 1.440037 1.440037 2.000000
5.150000 1.406623 1.464247 1.999740 -0.015592 0.265553 0.000009 1.375580 1.423864 1.001038 1.465037 1.465037 2.000000
5.200000 1.430635 1.489235 1.999843 -0.010317 0.270461 0.000007 1.418367 1.465414 1.000202 1.490037 1.490037 2.000000
5.250000 1.454647 1.514325 1.999901 -0.004824 0.275100 0.000006 1.461471 1.507571 0.999947 1.515037 1.515037 2.000000
5.300000 1.478659 1.539514 1.999890 0.000688 0.279434 0.000004 1.504412 1.549906 1.000275 1.540037 1.540037 2.000000
5.350000 1.502671 1.564797 1.999793 0.006020 0.283464 0.000002 1.546718 1.591989 1.001134 1.565037 1.565037 2.000000
5.400000 1.526683 1.590166 1.999602 0.010995 0.287226 -0.000000 1.587933 1.633403 1.002416 1.590037 1.590037 2.000000
5.450000 1.550695 1.615611 1.999315 0.015469 0.290786 -0.000002 1.627635 1.673750 1.003976 1.615037 1.615037 2.000000
5.500000 1.574707 1.641118 1.998941 0.019345 0.294240 -0.000003 1.665443 1.712668 1.005640 1.640037 1.640037 2.000000
5.550000 1.598719 1.666674 1.998498 0.022570 0.297694 -0.000004 1.701026 1.749832 1.007227 1.665037 1.665037 2.000000
5.600000 1.622731 1.692265 1.998010 0.025134 0.301263 -0.000004 1.734112 1.784968 1.008566 1.690037 1.690037 2.000000
5.650000 1.646743 1.717876 1.997509 0.027052 0.305056 -0.000005 1.764489 1.817850 1.009510 1.715037 1.715037 2.000000
5.700000 1.670755 1.743493 1.997026 0.028357 0.309170 -0.000004 1.792008 1.848306 1.009954 1.740037 1.740037 2.000000
5.750000 1.694767 1.769104 1.996596 0.029081 0.313684 -0.000004 1.816587 1.876222 1.009841 1.765037 1.765037 2.000000
5.800000 1.718779 1.794696 1.996249 0.029252 0.318653 -0.000004 1.838210 1.901539 1.009172 1.790037 1.790037 2.000000
5.850000 1.742791 1.820258 1.996009 0.028881 0.324108 -0.000004 1.856927 1.924258 1.008003 1.815037 1.815037 2.000000
5.900000 1.766803 1.845778 1.995897 0.027963 0.330053 -0.000004 1.872855 1.944436 1.006443 1.840037 1.840037 2.000000
5.950000 1.790815 1.871247 1.995922 0.026481 0.336462 -0.000005 1.886179 1.962193 1.004642 1.865037 1.865037 2.000000
6.000000 1.814827 1.896653 1.996085 0.024410 0.343282 -0.000006 1.897147 1.977704 1.002780 1.890037 1.890037 2.000000
6.050000 1.838839 1.921987 1.996378 0.021733 0.350431 -0.000006 1.906067 1.991200 1.001044 1.915037 1.915037 2.000000
6.100000 1.862851 1.947240 1.996786 0.018449 0.357804 -0.000007 1.913303 2.002965 0.999616 1.940037 1.940037 2.000000
6.150000 1.886863 1.972403 1.997285 0.014586 0.365282 -0.000007 1.919269 2.013328 0.998648 1.965037 1.965037 2.000000
6.200000 1.910875 1.997469 1.997844 0.010210 0.372737 -0.000006 1.924413 2.022656 0.998253 1.990037 1.990037 2.000000
6.250000 1.934887 2.022433 1.998433 0.005426 0.380046 -0.000005 1.929207 2.031343 0.998489 2.015037 2.015037 2.000000
6.300000 1.958899 2.047294 1.999017 0.000375 0.387106 -0.000004 1.934134 2.039798 0.999352 2.040037 2.040037 2.000000
6.350000 1.982911 2.072052 1.999567 -0.004773 0.393842 -0.000002 1.939673 2.048431 1.000782 2.065037 2.065037 2.000000
6.400000 2.006923 2.096712 2.000057 -0.009842 0.400221 0.000001 1.946284 2.057647 1.002662 2.090037 2.090037 2.000000
6.450000 2.030935 2.121280 2.000468 -0.014656 0.406247 0.000004 1.954393 2.067826 1.004836 2.115037 2.115037 2.000000
6.500000 2.054947 2.145768 2.000789 -0.019061 0.411965 0.000006 1.964386 2.079318 1.007118 2.140037 2.140037 2.000000
6.550000 2.078959 2.170186 2.001018 -0.022931 0.417449 0.000008 1.976597 2.092437 1.009314 2.165037 2.165037 2.000000
6.600000 2.102971 2.194549 2.001161 -0.026173 0.422790 0.000010 1.991304 2.107450 1.011239 2.190037 2.190037 2.000000
6.650000 2.126983 2.218872 2.001229 -0.028724 0.428087 0.000011 2.008721 2.124577 1.012734 2.215037 2.215037 2.000000
6.700000 2.150995 2.243172 2.001239 -0.030547 0.433429 0.000012 2.029001 2.143984 1.013677 2.240037 2.240037 2.000000
6.750000 2.175007 2.267463 2.001210 -0.031622 0.438886 0.000013 2.052229 2.165789 1.013998 2.265037 2.265037 2.000000
6.800000 2.199019 2.291763 2.001161 -0.031943 0.444500 0.000013 2.078426 2.190050 1.013684 2.290037 2.290037 2.000000
6.850000 2.223031 2.316085 2.001107 -0.031512 0.450281 0.000014 2.107544 2.216774 1.012775 2.315037 2.315037 2.000000
6.900000 2.247043 2.340446 2.001059 -0.030337 0.456204 0.000014 2.139469 2.245912 1.011367 2.340037 2.340037 2.000000
6.950000 2.271055 2.364859 2.001023 -0.028438 0.462207 0.000014 2.174022 2.277358 1.009596 2.365037 2.365037 2.000000
7.000000 2.295067 2.389338 2.000998 -0.025849 0.468201 0.000014 2.210960 2.310953 1.007629 2.390037 2.390037 2.000000
7.050000 2.319079 2.413893 2.000976 -0.022627 0.474073 0.000014 2.249977 2.346484 1.005647 2.415037 2.415037 2.000000
7.100000 2.343091 2.438534 2.000944 -0.018858 0.479702 0.000013 2.290714 2.383692 1.003824 2.440037 2.440037 2.000000
7.150000 2.367103 2.463268 2.000884 -0.014656 0.484972 0.000011 2.332763 2.422270 1.002315 2.465037 2.465037 2.000000
7.200000 2.391115 2.488100 2.000776 -0.010162 0.489787 0.000009 2.375677 2.461879 1.001239 2.490037 2.490037 2.000000
7.250000 2.415127 2.513031 2.000601 -0.005538 0.494088 0.000006 2.418987 2.502152 1.000668 2.515037 2.515037 2.000000
7.300000 2.439139 2.538058 2.000343 -0.000953 0.497862 0.000003 2.462209 2.542705 1.000619 2.540037 2.540037 2.000000
7.350000 2.463151 2.563177 1.999990 0.003432 0.501151 -0.000000 2.504864 2.583150 1.001060 2.565037 2.565037 2.000000
7.400000 2.487163 2.588381 1.999539 0.007479 0.504045 -0.000003 2.546488 2.623104 1.001905 2.590037 2.590037 2.000000
7.450000 2.511175 2.613658 1.998997 0.011083 0.506679 -0.000005 2.586647 2.662204 1.003031 2.615037 2.615037 2.000000
7.500000 2.535187 2.638996 1.998376 0.014178 0.509219 -0.000006 2.624948 2.700110 1.004289 2.640037 2.640037 2.000000
7.550000 2.559199 2.664384 1.997699 0.016736 0.511844 -0.000007 2.661045 2.736517 1.005518 2.665037 2.665037 2.000000
7.600000 2.583211 2.689808 1.996997 0.018763 0.514733 -0.000007 2.694653 2.771163 1.006562 2.690037 2.690037 2.000000
7.650000 2.607223 2.715256 1.996303 0.020285 0.518053 -0.000007 2.725544 2.803826 1.007286 2.715037 2.715037 2.000000
7.700000 2.631235 2.740715 1.995655 0.021342 0.521948 -0.000006 2.753558 2.834336 1.007590 2.740037 2.740037 2.000000
7.750000 2.655247 2.766175 1.995088 0.021971 0.526529 -0.000005 2.778598 2.862571 1.007418 2.765037 2.765037 2.000000
7.800000 2.679259 2.791625 1.994636 0.022203 0.531875 -0.000005 2.800639 2.888463 1.006765 2.790037 2.790037 2.000000
7.850000 2.703271 2.817057 1.994326 0.022050 0.538027 -0.000005 2.819721 2.911996 1.005677 2.815037 2.815037 2.000000
7.900000 2.727283 2.842462 1.994180 0.021510 0.544985 -0.000005 2.835955 2.933207 1.004252 2.840037 2.840037 2.000000
7.950000 2.751295 2.867830 1.994209 0.020564 0.552710 -0.000005 2.849516 2.952189 1.002626 2.865037 2.865037 2.000000
8.000000 2.775307 2.893153 1.994417 0.019183 0.561124 -0.000006 2.860649 2.969085 1.000963 2.890037 2.890037 2.000000
8.050000 2.799319 2.918421 1.994796 0.017340 0.570112 -0.000007 2.869659 2.984095 0.999437 2.915037 2.915037 2.000000
8.100000 2.823331 2.943627 1.995332 0.015012 0.579522 -0.000008 2.876908 2.997462 0.998220 2.940037 2.940037 2.000000
8.150000 2.847343 2.968762 1.995999 0.012200 0.589180 -0.000008 2.882808 3.009475 0.997458 2.965037 2.965037 2.000000
8.200000 2.871355 2.993817 1.996767 0.008930 0.598894 -0.000008 2.887809 3.020460 0.997257 2.990037 2.990037 2.000000
8.250000 2.895367 3.018787 1.997600 0.005265 0.608477 -0.000007 2.892388 3.030769 0.997676 3.015037 3.015037 2.000000
8.300000 2.919379 3.043669 1.998461 0.001299 0.617757 -0.000006 2.897032 3.040768 0.998714 3.040037 3.040037 2.000000
8.350000 2.943391 3.068459 1.999312 -0.002845 0.626594 -0.000003 2.902226 3.050833 1.000315 3.065037 3.065037 2.000000
8.400000 2.967403 3.093161 2.000121 -0.007025 0.634897 -0.000000 2.908440 3.061330 1.002368 3.090037 3.090037 2.000000
8.450000 2.991415 3.117777 2.000859 -0.011091 0.642626 0.000003 2.916110 3.072611 1.004722 3.115037 3.115037 2.000000
8.500000 3.015427 3.142316 2.001507 -0.014900 0.649793 0.000006 2.925634 3.085002 1.007197 3.140037 3.140037 2.000000
8.550000 3.039439 3.166788 2.002051 -0.018324 0.656453 0.000010 2.937357 3.098795 1.009602 3.165037 3.165037 2.000000
8.600000 3.063451 3.191205 2.002488 -0.021259 0.662693 0.000012 2.951567 3.114243 1.011751 3.190037 3.190037 2.000000
8.650000 3.087463 3.215579 2.002820 -0.023624 0.668613 0.000014 2.968493 3.131559 1.013484 3.215037 3.215037 2.000000
8.700000 3.111475 3.239928 2.003056 -0.025363 0.674310 0.000016 2.988297 3.150905 1.014673 3.240037 3.240037 2.000000
8.750000 3.135487 3.264265 2.003209 -0.026442 0.679863 0.000017 3.011075 3.172401 1.015240 3.265037 3.265037 2.000000
8.800000 3.159499 3.288608 2.003291 -0.026843 0.685319 0.000018 3.036857 3.196113 1.015159 3.290037 3.290037 2.000000
8.850000 3.183511 3.312971 2.003315 -0.026566 0.690691 0.000018 3.065605 3.222061 1.014460 3.315037 3.315037 2.000000
8.900000 3.207523 3.337370 2.003289 -0.025623 0.695950 0.000018 3.097212 3.250213 1.013221 3.340037 3.340037 2.000000
8.950000 3.231535 3.361818 2.003221 -0.024045 0.701031 0.000018 3.131507 3.280488 1.011565 3.365037 3.365037 2.000000
9.000000 3.255548 3.386330 2.003108 -0.021879 0.705839 0.000017 3.168253 3.312753 1.009646 3.390037 3.390037 2.000000
9.050000 3.279560 3.410915 2.002945 -0.019194 0.710262 0.000016 3.207149 3.346830 1.007631 3.415037 3.415037 2.000000
9.100000 3.303572 3.435584 2.002723 -0.016079 0.714186 0.000014 3.247840 3.382494 1.005690 3.440037 3.440037 2.000000
9.150000 3.327584 3.460342 2.002429 -0.012647 0.717514 0.000011 3.289922 3.419481 1.003975 3.465037 3.465037 2.000000
9.200000 3.351596 3.485194 2.002049 -0.009027 0.720182 0.000008 3.332949 3.457490 1.002607 3.490037 3.490037 2.000000
9.250000 3.375608 3.510139 2.001570 -0.005355 0.722176 0.000005 3.376451 3.496197 1.001667 3.515037 3.515037 2.000000
9.300000 3.399620 3.535175 2.000982 -0.001769 0.723536 0.000002 3.419941 3.535260 1.001189 3.540037 3.540037 2.000000
9.350000 3.423632 3.560296 2.000284 0.001609 0.724365 -0.000001 3.462933 3.574327 1.001155 3.565037 3.565037 2.000000
9.400000 3.447644 3.585495 1.999480 0.004679 0.724818 -0.000004 3.504956 3.613052 1.001504 3.590037 3.590037 2.000000
9.450000 3.471656 3.610760 1.998584 0.007370 0.725093 -0.000006 3.545564 3.651100 1.002135 3.615037 3.615037 2.000000
9.500000 3.495668 3.636082 1.997619 0.009645 0.725410 -0.000007 3.584352 3.688156 1.002921 3.640037 3.640037 2.000000
9.550000 3.519680 3.661447 1.996614 0.011499 0.726000 -0.000007 3.620961 3.723934 1.003721 3.665037 3.665037 2.000000
9.600000 3.543692 3.686843 1.995608 0.012950 0.727084 -0.000007 3.655090 3.758183 1.004396 3.690037 3.690037 2.000000
9.650000 3.567704 3.712261 1.994641 0.014035 0.728859 -0.000006 3.686497 3.790691 1.004824 3.715037 3.715037 2.000000
9.700000 3.591716 3.737690 1.993756 0.014797 0.731491 -0.000005 3.715009 3.821288 1.004913 3.740037 3.740037 2.000000
9.750000 3.615728 3.763121 1.992993 0.015275 0.735106 -0.000004 3.740516 3.849848 1.004608 3.765037 3.765037 2.000000
9.800000 3.639740 3.788546 1.992392 0.015502 0.739788 -0.000003 3.762981 3.876295 1.003902 3.790037 3.790037 2.000000
9.850000 3.663752 3.813958 1.991982 0.015493 0.745576 -0.000003 3.782434 3.900600 1.002837 3.815037 3.815037 2.000000
9.900000 3.687764 3.839351 1.991788 0.015245 0.752467 -0.000003 3.798978 3.922781 1.001500 3.840037 3.840037 2.000000
9.950000 3.711776 3.864717 1.991824 0.014741 0.760411 -0.000003 3.812783 3.942908 1.000015 3.865037 3.865037 2.000000
10.000000 3.735788 3.890050 1.992094 0.013949 0.769312 -0.000004 3.824086 3.961101 0.998537 3.890037 3.890037 2.000000
10.050000 3.759800 3.915343 1.992592 0.012833 0.779034 -0.000005 3.833191 3.977526 0.997229 3.915037 3.915037 2.000000
10.100000 3.783812 3.940586 1.993301 0.011359 0.789397 -0.000006 3.840457 3.992395 0.996252 3.940037 3.940037 2.000000
10.150000 3.807824 3.965772 1.994197 0.009505 0.800193 -0.000007 3.846297 4.005961 0.995746 3.965037 3.965037 2.000000
10.200000 3.831836 3.990893 1.995244 0.007269 0.811189 -0.000007 3.851161 4.018512 0.995812 3.990037 3.990037 2.000000
10.250000 3.855848 4.015941 1.996402 0.004678 0.822147 -0.000007 3.855530 4.030362 0.996506 4.015037 4.015037 2.000000
10.300000 3.879860 4.040911 1.997627 0.001785 0.832836 -0.000005 3.859898 4.041843 0.997827 4.040037 4.040037 2.000000
10.350000 3.903872 4.065798 1.998874 -0.001326 0.843058 -0.000003 3.864756 4.053293 0.999718 4.065037 4.065037 2.000000
10.400000 3.927884 4.090601 2.000100 -0.004551 0.852655 -0.000001 3.870582 4.065049 1.002070 4.090037 4.090037 2.000000
10.450000 3.951896 4.115322 2.001264 -0.007770 0.861524 0.000003 3.877823 4.077433 1.004731 4.115037 4.115037 2.000000
10.500000 3.975908 4.139966 2.002335 -0.010862 0.869620 0.000006 3.886887 4.090747 1.007522 4.140037 4.140037 2.000000
10.550000 3.999920 4.164540 2.003287 -0.013709 0.876947 0.000010 3.898131 4.105264 1.010249 4.165037 4.165037 2.000000
10.600000 4.023932 4.189055 2.004105 -0.016206 0.883554 0.000013 3.911853 4.121224 1.012724 4.190037 4.190037 2.000000
10.650000 4.047944 4.213524 2.004781 -0.018269 0.889511 0.000016 3.928294 4.138828 1.014779 4.215037 4.215037 2.000000
10.700000 4.071956 4.237961 2.005313 -0.019830 0.894899 0.000018 3.947625 4.158235 1.016280 4.240037 4.240037 2.000000
10.750000 4.095968 4.262381 2.005705 -0.020846 0.899787 0.000019 3.969954 4.179564 1.017140 4.265037 4.265037 2.000000
10.800000 4.119980 4.286800 2.005966 -0.021291 0.904224 0.000020 3.995319 4.202887 1.017321 4.290037 4.290037 2.000000
10.850000 4.143992 4.311234 2.006102 -0.021160 0.908230 0.000021 4.023691 4.228233 1.016840 4.315037 4.315037 2.000000
10.900000 4.168004 4.335700 2.006120 -0.020465 0.911788 0.000021 4.054973 4.255586 1.015763 4.340037 4.340037 2.000000
10.950000 4.192016 4.360211 2.006025 -0.019237 0.914855 0.000020 4.089001 4.284883 1.014201 4.365037 4.365037 2.000000
11.000000 4.216028 4.384781 2.005817 -0.017527 0.917360 0.000019 4.125542 4.316018 1.012296 4.390037 4.390037 2.000000
11.050000 4.240040 4.409421 2.005492 -0.015405 0.919269 0.000016 4.164304 4.348839 1.010206 4.415037 4.415037 2.000000
11.100000 4.264052 4.434140 2.005046 -0.012960 0.924319 0.000012 4.204937 4.383155 1.008098 4.440037 4.440037 2.000000
11.150000 4.288064 4.458947 2.004470 nan nan nan 4.247038 4.418735 1.006122 4.465037 4.465037 2.000000
11.200000 4.312076 nan nan nan nan nan nan nan nan 4.490037 4.490037 2.000000
11.250000 4.336088 nan nan nan nan nan nan nan nan 4.515037 4.515037 2.000000
11.300000 4.360100 nan nan nan nan nan nan nan nan 4.540037 4.540037 2.000000
11.350000 4.384112 nan nan nan nan nan nan nan nan 4.565037 4.565037 2.000000
11.400000 4.408124 nan nan nan nan nan nan nan nan 4.590037 4.590037 2.000000
11.450000 4.432136 nan nan nan nan nan nan nan nan 4.615037 4.615037 2.000000
11.500000 4.456148 nan nan nan nan nan nan nan nan 4.640037 4.640037 2.000000
11.550000 4.480160 nan nan nan nan nan nan nan nan 4.665037 4.665037 2.000000
11.600000 4.504172 nan nan nan nan nan nan nan nan 4.690037 4.690037 2.000000
11.650000 4.528184 nan nan nan nan nan nan nan nan 4.715037 4.715037 2.000000
11.700000 4.552196 nan nan nan nan nan nan nan nan 4.740037 4.740037 2.000000
11.750000 4.576208 nan nan nan nan nan nan nan nan 4.765037 4.765037 2.000000
11.800000 4.600220 nan nan nan nan nan nan nan nan 4.790037 4.790037 2.000000
11.850000 4.624232 nan nan nan nan nan nan nan nan 4.815037 4.815037 2.000000
11.900000 4.648244 nan nan nan nan nan nan nan nan 4.840037 4.840037 2.000000
11.950000 4.672256 nan nan nan nan nan nan nan nan 4.865037 4.865037 2.000000
12.000000 4.696268 nan nan nan nan nan nan nan nan 4.890037 4.890037 2.000000
