0.000000 0.232000 0.000000 1.000000
0.000000 -0.232000 0.000000 1.000000


0.050000 0.232000 0.000000 1.071525
0.050000 -0.232000 0.000000 1.071525


0.100000 0.232000 0.000000 1.224976
0.100000 -0.232000 0.000000 1.224976


0.150000 0.232000 0.000000 1.396835
0.150000 -0.232000 0.000000 1.396835


0.200000 0.232000 0.000000 1.555013
0.200000 -0.232000 0.000000 1.555013


0.250000 0.232000 0.000000 1.686280
0.250000 -0.232000 0.000000 1.686280


0.300000 0.232000 0.000000 1.787941
0.300000 -0.232000 0.000000 1.787941


0.350000 0.232000 0.000000 1.862577
0.350000 -0.232000 0.000000 1.862577


0.400000 0.232000 0.000000 1.914901
0.400000 -0.232000 0.000000 1.914901


0.450000 0.232000 0.000000 1.950012
0.450000 -0.232000 0.000000 1.950012


0.500000 0.232000 0.000000 1.972526
0.500000 -0.232000 0.000000 1.972526


0.550000 0.232000 0.000000 1.986237
0.550000 -0.232000 0.000000 1.986237


0.600000 0.232000 0.000000 1.994061
0.600000 -0.232000 0.000000 1.994061


0.650000 0.232000 0.000000 1.998124
0.650000 -0.232000 0.000000 1.998124


0.700000 0.232000 0.000000 1.999909
0.700000 -0.232000 0.000000 1.999909


0.750000 0.232000 0.000000 2.000404
0.750000 -0.232000 0.000000 2.000404


0.800000 0.232000 0.000000 2.000239
0.800000 -0.232000 0.000000 2.000239


0.850000 0.232000 0.000000 1.999793
0.850000 -0.232000 0.000000 1.999793


0.900000 0.232000 0.000000 1.999280
0.900000 -0.232000 0.000000 1.999280


0.950000 0.232000 0.000000 1.998809
0.950000 -0.232000 0.000000 1.998809


1.000000 0.232000 0.000000 1.998424
1.000000 -0.232000 0.000000 1.998424


1.050000 0.232000 0.000000 1.998136
1.050000 -0.232000 0.000000 1.998136


1.100000 0.232000 0.000000 1.997936
1.100000 -0.232000 0.000000 1.997936


1.150000 0.232000 0.000000 1.997808
1.150000 -0.232000 0.000000 1.997808


1.200000 0.232000 0.000000 1.997737
1.200000 -0.232000 0.000000 1.997737


1.250000 0.232000 0.000000 1.997706
1.250000 -0.232000 0.000000 1.997706


1.300000 0.232000 0.000000 1.997703
1.300000 -0.232000 0.000000 1.997703


1.350000 0.232000 0.000000 1.997719
1.350000 -0.232000 0.000000 1.997719


1.400000 0.232000 0.000000 1.997746
1.400000 -0.232000 0.000000 1.997746


1.450000 0.232000 0.000000 1.997779
1.450000 -0.232000 0.000000 1.997779


1.500000 0.232000 0.000000 1.997815
1.500000 -0.232000 0.000000 1.997815


1.550000 0.232000 0.000000 1.997853
1.550000 -0.232000 0.000000 1.997853


1.600000 0.232000 0.000000 1.997890
1.600000 -0.232000 0.000000 1.997890


1.650000 0.232000 0.000000 1.997926
1.650000 -0.232000 0.000000 1.997926


1.700000 0.232000 0.000000 1.997961
1.700000 -0.232000 0.000000 1.997961


1.750000 0.232000 0.000000 1.997995
1.750000 -0.232000 0.000000 1.997995


1.800000 0.232000 0.000000 1.998028
1.800000 -0.232000 0.000000 1.998028


1.850000 0.232000 0.000000 1.998059
1.850000 -0.232000 0.000000 1.998059


1.900000 0.232000 0.000000 1.998089
1.900000 -0.232000 0.000000 1.998089


1.950000 0.232000 0.000000 1.998118
1.950000 -0.232000 0.000000 1.998118


2.000000 0.232000 0.000000 1.998145
2.000000 -0.232000 0.000000 1.998145


2.050000 0.242205 0.005464 1.991692
2.050000 -0.221795 0.005471 2.004685


2.100000 0.254211 0.017212 1.991492
2.100000 -0.209789 0.017280 2.005061


2.150000 0.266217 0.029731 1.991324
2.150000 -0.197783 0.029767 2.005433


2.200000 0.278223 0.042289 1.991142
2.200000 -0.185777 0.042304 2.005784


2.250000 0.290229 0.054806 1.990925
2.250000 -0.173771 0.054812 2.006103


2.300000 0.302235 0.067275 1.990666
2.300000 -0.161765 0.067277 2.006383


2.350000 0.314241 0.079703 1.990365
2.350000 -0.149759 0.079703 2.006630


2.400000 0.326247 0.092097 1.990029
2.400000 -0.137753 0.092097 2.006854


2.450000 0.341974 0.105796 1.983599
2.450000 -0.122024 0.104797 2.013182


2.500000 0.365987 0.127434 1.982789
2.500000 -0.098013 0.127372 2.014260


2.550000 0.389999 0.152042 1.982369
2.550000 -0.074001 0.152072 2.014854


2.600000 0.414011 0.176961 1.981840
2.600000 -0.049989 0.176979 2.015343


2.650000 0.438023 0.201896 1.981205
2.650000 -0.025977 0.201904 2.015767


2.700000 0.462035 0.226821 1.980496
2.700000 -0.001965 0.226824 2.016166


2.750000 0.486047 0.251744 1.979745
2.750000 0.022047 0.251744 2.016583


2.800000 0.510059 0.276679 1.978984
2.800000 0.046059 0.276678 2.017055


2.850000 0.534071 0.301638 1.978238
2.850000 0.070071 0.301636 2.017612


2.900000 0.558083 0.326636 1.977527
2.900000 0.094083 0.326634 2.018272


2.950000 0.582095 0.351686 1.976862
2.950000 0.118095 0.351684 2.019041


3.000000 0.606107 0.376803 1.976246
3.000000 0.142107 0.376801 2.019913


3.050000 0.630119 0.401997 1.975677
3.050000 0.166119 0.401995 2.020871


3.100000 0.654131 0.427280 1.975144
3.100000 0.190131 0.427277 2.021888


3.150000 0.678143 0.452659 1.974631
3.150000 0.214143 0.452656 2.022929


3.200000 0.702155 0.478140 1.974119
3.200000 0.238155 0.478137 2.023956


3.250000 0.726167 0.503724 1.973587
3.250000 0.262167 0.503722 2.024932


3.300000 0.750179 0.529410 1.973015
3.300000 0.286179 0.529408 2.025824


3.350000 0.774191 0.555192 1.972382
3.350000 0.310191 0.555191 2.026609


3.400000 0.798203 0.581062 1.971675
3.400000 0.334203 0.581061 2.027276


3.450000 0.822215 0.607007 1.970884
3.450000 0.358215 0.607006 2.027824


3.500000 0.846227 0.633012 1.970006
3.500000 0.382227 0.633012 2.028270


3.550000 0.870239 0.659063 1.969046
3.550000 0.406239 0.659063 2.028638


3.600000 0.894251 0.685143 1.968015
3.600000 0.430251 0.685143 2.028963


3.650000 0.918263 0.711234 1.966931
3.650000 0.454263 0.711235 2.029288


3.700000 0.942275 0.737323 1.965813
3.700000 0.478275 0.737323 2.029653


3.750000 0.966287 0.763392 1.964684
3.750000 0.502287 0.763393 2.030101


3.800000 0.990299 0.789428 1.963566
3.800000 0.526299 0.789429 2.030667


3.850000 1.014311 0.815418 1.962479
3.850000 0.550311 0.815419 2.031379


3.900000 1.038323 0.841349 1.961439
3.900000 0.574323 0.841349 2.032255


3.950000 1.062335 0.867207 1.960457
3.950000 0.598335 0.867208 2.033302


4.000000 1.086347 0.892982 1.959538
4.000000 0.622347 0.892983 2.034511


4.050000 1.110359 0.918661 1.958683
4.050000 0.646359 0.918663 2.035863


4.100000 1.134371 0.944236 1.957887
4.100000 0.670371 0.944238 2.037328


4.150000 1.158383 0.969698 1.957139
4.150000 0.694383 0.969700 2.038866


4.200000 1.182395 0.995041 1.956426
4.200000 0.718395 0.995042 2.040434


4.250000 1.206407 1.020261 1.955731
4.250000 0.742407 1.020262 2.041984


4.300000 1.230419 1.045358 1.955036
4.300000 0.766419 1.045359 2.043476


4.350000 1.254431 1.070336 1.954321
4.350000 0.790431 1.070336 2.044876


4.400000 1.278443 1.095200 1.953568
4.400000 0.814443 1.095200 2.046163


4.450000 1.302455 1.119962 1.952761
4.450000 0.838455 1.119961 2.047327


4.500000 1.326467 1.144634 1.951887
4.500000 0.862467 1.144632 2.048377


4.550000 1.350479 1.169230 1.950940
4.550000 0.886479 1.169227 2.049329


4.600000 1.374491 1.193766 1.949917
4.600000 0.910491 1.193763 2.050213


4.650000 1.398503 1.218258 1.948822
4.650000 0.934503 1.218255 2.051064


4.700000 1.422515 1.242724 1.947665
4.700000 0.958515 1.242721 2.051921


4.750000 1.446527 1.267180 1.946456
4.750000 0.982527 1.267176 2.052817


4.800000 1.470539 1.291642 1.945213
4.800000 1.006539 1.291638 2.053785


4.850000 1.494551 1.316126 1.943949
4.850000 1.030551 1.316122 2.054844


4.900000 1.518563 1.340646 1.942681
4.900000 1.054563 1.340642 2.056006


4.950000 1.542575 1.365217 1.941421
4.950000 1.078575 1.365213 2.057269


5.000000 1.566587 1.389852 1.940181
5.000000 1.102587 1.389848 2.058615


5.050000 1.590599 1.414563 1.938969
5.050000 1.126599 1.414558 2.060018


5.100000 1.614611 1.439359 1.937789
5.100000 1.150611 1.439355 2.061441


5.150000 1.638623 1.464249 1.936641
5.150000 1.174623 1.464245 2.062838


5.200000 1.662635 1.489237 1.935520
5.200000 1.198635 1.489234 2.064166


5.250000 1.686647 1.514326 1.934417
5.250000 1.222647 1.514324 2.065384


5.300000 1.710659 1.539514 1.933319
5.300000 1.246659 1.539513 2.066460


5.350000 1.734671 1.564797 1.932210
5.350000 1.270671 1.564796 2.067377


5.400000 1.758683 1.590166 1.931071
5.400000 1.294683 1.590166 2.068133


5.450000 1.782695 1.615610 1.929884
5.450000 1.318695 1.615611 2.068745


5.500000 1.806707 1.641117 1.928637
5.500000 1.342707 1.641119 2.069245


5.550000 1.830719 1.666673 1.927317
5.550000 1.366719 1.666675 2.069678


5.600000 1.854731 1.692264 1.925923
5.600000 1.390731 1.692266 2.070098


5.650000 1.878743 1.717875 1.924455
5.650000 1.414743 1.717877 2.070562


5.700000 1.902755 1.743492 1.922923
5.700000 1.438755 1.743494 2.071130


5.750000 1.926767 1.769103 1.921337
5.750000 1.462767 1.769105 2.071856


5.800000 1.950779 1.794695 1.919713
5.800000 1.486779 1.794697 2.072784


5.850000 1.974791 1.820257 1.918068
5.850000 1.510791 1.820259 2.073951


5.900000 1.998803 1.845777 1.916417
5.900000 1.534803 1.845779 2.075377


5.950000 2.022815 1.871246 1.914777
5.950000 1.558815 1.871248 2.077066


6.000000 2.046827 1.896652 1.913160
6.000000 1.582827 1.896655 2.079009


6.050000 2.070839 1.921986 1.911579
6.050000 1.606839 1.921989 2.081178


6.100000 2.094851 1.947239 1.910042
6.100000 1.630851 1.947242 2.083531


6.150000 2.118863 1.972401 1.908557
6.150000 1.654863 1.972404 2.086012


6.200000 2.142875 1.997467 1.907129
6.200000 1.678875 1.997470 2.088560


6.250000 2.166887 2.022432 1.905757
6.250000 1.702887 2.022434 2.091109


6.300000 2.190899 2.047293 1.904437
6.300000 1.726899 2.047295 2.093598


6.350000 2.214911 2.072052 1.903159
6.350000 1.750911 2.072052 2.095976


6.400000 2.238923 2.096712 1.901909
6.400000 1.774923 2.096712 2.098206


6.450000 2.262935 2.121281 1.900667
6.450000 1.798935 2.121280 2.100269


6.500000 2.286947 2.145769 1.899412
6.500000 1.822947 2.145766 2.102166


6.550000 2.310959 2.170188 1.898123
6.550000 1.846959 2.170184 2.103914


6.600000 2.334971 2.194551 1.896778
6.600000 1.870971 2.194547 2.105543


6.650000 2.358983 2.218875 1.895365
6.650000 1.894983 2.218870 2.107092


6.700000 2.382995 2.243175 1.893875
6.700000 1.918995 2.243169 2.108604


6.750000 2.407007 2.267466 1.892305
6.750000 1.943007 2.267460 2.110116


6.800000 2.431019 2.291766 1.890662
6.800000 1.967019 2.291759 2.111660


6.850000 2.455031 2.316088 1.888958
6.850000 1.991031 2.316082 2.113256


6.900000 2.479043 2.340449 1.887210
6.900000 2.015043 2.340443 2.114908


6.950000 2.503055 2.364863 1.885441
6.950000 2.039055 2.364856 2.116606


7.000000 2.527067 2.389341 1.883675
7.000000 2.063067 2.389335 2.118322


7.050000 2.551079 2.413896 1.881937
7.050000 2.087079 2.413890 2.120015


7.100000 2.575091 2.438537 1.880250
7.100000 2.111091 2.438531 2.121638


7.150000 2.599103 2.463271 1.878632
7.150000 2.135103 2.463266 2.123135


7.200000 2.623115 2.488102 1.877093
7.200000 2.159115 2.488098 2.124458


7.250000 2.647127 2.513032 1.875634
7.250000 2.183127 2.513029 2.125568


7.300000 2.671139 2.538059 1.874244
7.300000 2.207139 2.538057 2.126441


7.350000 2.695151 2.563177 1.872901
7.350000 2.231151 2.563177 2.127079


7.400000 2.719163 2.588380 1.871576
7.400000 2.255163 2.588381 2.127503


7.450000 2.743175 2.613657 1.870235
7.450000 2.279175 2.613659 2.127758


7.500000 2.767187 2.638995 1.868842
7.500000 2.303187 2.638998 2.127909


7.550000 2.791199 2.664383 1.867366
7.550000 2.327199 2.664386 2.128033


7.600000 2.815211 2.689807 1.865780
7.600000 2.351211 2.689810 2.128214


7.650000 2.839223 2.715254 1.864068
7.650000 2.375223 2.715257 2.128539


7.700000 2.863235 2.740713 1.862220
7.700000 2.399235 2.740716 2.129090


7.750000 2.887247 2.766173 1.860235
7.750000 2.423247 2.766176 2.129941


7.800000 2.911259 2.791624 1.858118
7.800000 2.447259 2.791626 2.131153


7.850000 2.935271 2.817056 1.855880
7.850000 2.471271 2.817058 2.132772


7.900000 2.959283 2.842461 1.853535
7.900000 2.495283 2.842463 2.134824


7.950000 2.983295 2.867829 1.851102
7.950000 2.519295 2.867831 2.137316


8.000000 3.007307 2.893151 1.848601
8.000000 2.543307 2.893154 2.140233


8.050000 3.031319 2.918420 1.846055
8.050000 2.567319 2.918423 2.143538


8.100000 3.055331 2.943625 1.843491
8.100000 2.591331 2.943629 2.147173


8.150000 3.079343 2.968760 1.840938
8.150000 2.615343 2.968764 2.151060


8.200000 3.103355 2.993815 1.838423
8.200000 2.639355 2.993819 2.155110


8.250000 3.127367 3.018786 1.835976
8.250000 2.663367 3.018789 2.159224


8.300000 3.151379 3.043667 1.833618
8.300000 2.687379 3.043670 2.163303


8.350000 3.175391 3.068459 1.831365
8.350000 2.711391 3.068460 2.167259


8.400000 3.199403 3.093161 1.829220
8.400000 2.735403 3.093161 2.171022


8.450000 3.223415 3.117778 1.827176
8.450000 2.759415 3.117777 2.174542


8.500000 3.247427 3.142318 1.825215
8.500000 2.783427 3.142315 2.177799


8.550000 3.271439 3.166790 1.823310
8.550000 2.807439 3.166786 2.180793


8.600000 3.295451 3.191207 1.821428
8.600000 2.831451 3.191202 2.183548


8.650000 3.319463 3.215583 1.819540
8.650000 2.855463 3.215576 2.186100


8.700000 3.343475 3.239931 1.817620
8.700000 2.879475 3.239924 2.188493


8.750000 3.367487 3.264269 1.815652
8.750000 2.903487 3.264261 2.190766


8.800000 3.391499 3.288612 1.813632
8.800000 2.927499 3.288603 2.192950


8.850000 3.415511 3.312975 1.811567
8.850000 2.951511 3.312966 2.195062


8.900000 3.439523 3.337374 1.809479
8.900000 2.975523 3.337365 2.197100


8.950000 3.463535 3.361823 1.807400
8.950000 2.999535 3.361814 2.199041


9.000000 3.487548 3.386334 1.805370
9.000000 3.023548 3.386326 2.200846


9.050000 3.511560 3.410919 1.803429
9.050000 3.047560 3.410912 2.202461


9.100000 3.535572 3.435587 1.801618
9.100000 3.071572 3.435581 2.203829


9.150000 3.559584 3.460345 1.799968
9.150000 3.095584 3.460340 2.204891


9.200000 3.583596 3.485196 1.798495
9.200000 3.119596 3.485192 2.205604


9.250000 3.607608 3.510140 1.797195
9.250000 3.143608 3.510138 2.205944


9.300000 3.631620 3.535175 1.796047
9.300000 3.167620 3.535174 2.205918


9.350000 3.655632 3.560296 1.795006
9.350000 3.191632 3.560297 2.205563


9.400000 3.679644 3.585494 1.794014
9.400000 3.215644 3.585496 2.204946


9.450000 3.703656 3.610759 1.793005
9.450000 3.239656 3.610762 2.204164


9.500000 3.727668 3.636080 1.791908
9.500000 3.263668 3.636083 2.203330


9.550000 3.751680 3.661445 1.790658
9.550000 3.287680 3.661448 2.202570


9.600000 3.775692 3.686842 1.789202
9.600000 3.311692 3.686845 2.202014


9.650000 3.799704 3.712260 1.787496
9.650000 3.335704 3.712263 2.201786


9.700000 3.823716 3.737689 1.785511
9.700000 3.359716 3.737691 2.202000


9.750000 3.847728 3.763120 1.783229
9.750000 3.383728 3.763121 2.202757


9.800000 3.871740 3.788545 1.780645
9.800000 3.407740 3.788546 2.204138


9.850000 3.895752 3.813957 1.777761
9.850000 3.431752 3.813958 2.206203


9.900000 3.919764 3.839350 1.774586
9.900000 3.455764 3.839351 2.208990


9.950000 3.943776 3.864716 1.771137
9.950000 3.479776 3.864718 2.212510


10.000000 3.967788 3.890049 1.767440
10.000000 3.503788 3.890051 2.216747


10.050000 3.991800 3.915342 1.763526
10.050000 3.527800 3.915344 2.221657


10.100000 4.015812 3.940585 1.759438
10.100000 3.551812 3.940588 2.227164


10.150000 4.039824 3.965771 1.755228
10.150000 3.575824 3.965774 2.233165


10.200000 4.063836 3.990892 1.750957
10.200000 3.599836 3.990895 2.239530


10.250000 4.087848 4.015940 1.746692
10.250000 3.623848 4.015943 2.246112


10.300000 4.111860 4.040909 1.742502
10.300000 3.647860 4.040912 2.252753


10.350000 4.135872 4.065797 1.738450
10.350000 3.671872 4.065798 2.259299


10.400000 4.159884 4.090601 1.734588
10.400000 3.695884 4.090601 2.265611


10.450000 4.183896 4.115322 1.730951
10.450000 3.719896 4.115321 2.271577


10.500000 4.207908 4.139967 1.727551
10.500000 3.743908 4.139964 2.277118


10.550000 4.231920 4.164542 1.724383
10.550000 3.767920 4.164538 2.282191


10.600000 4.255932 4.189058 1.721423
10.600000 3.791932 4.189052 2.286787


10.650000 4.279944 4.213528 1.718640
10.650000 3.815944 4.213520 2.290922


10.700000 4.303956 4.237965 1.715999
10.700000 3.839956 4.237957 2.294626


10.750000 4.327968 4.262385 1.713477
10.750000 3.863968 4.262376 2.297934


10.800000 4.351980 4.286804 1.711059
10.800000 3.887980 4.286795 2.300872


10.850000 4.375992 4.311239 1.708752
10.850000 3.911992 4.311229 2.303452


10.900000 4.400004 4.335705 1.706578
10.900000 3.936004 4.335695 2.305662


10.950000 4.424016 4.360216 1.704578
10.950000 3.960016 4.360206 2.307471


11.000000 4.448028 4.384785 1.702802
11.000000 3.984028 4.384776 2.308831


11.050000 4.472040 4.409425 1.701277
11.050000 4.008040 4.409417 2.309708


11.100000 4.496052 4.434143 1.697623
11.100000 4.032052 4.434137 2.312469


11.150000 nan nan nan
11.150000 nan nan nan


11.200000 nan nan nan
11.200000 nan nan nan


11.250000 nan nan nan
11.250000 nan nan nan


11.300000 nan nan nan
11.300000 nan nan nan


11.350000 nan nan nan
11.350000 nan nan nan


11.400000 nan nan nan
11.400000 nan nan nan


11.450000 nan nan nan
11.450000 nan nan nan


11.500000 nan nan nan
11.500000 nan nan nan


11.550000 nan nan nan
11.550000 nan nan nan


11.600000 nan nan nan
11.600000 nan nan nan


11.650000 nan nan nan
11.650000 nan nan nan


11.700000 nan nan nan
11.700000 nan nan nan


11.750000 nan nan nan
11.750000 nan nan nan


11.800000 nan nan nan
11.800000 nan nan nan


11.850000 nan nan nan
11.850000 nan nan nan


11.900000 nan nan nan
11.900000 nan nan nan


11.950000 nan nan nan
11.950000 nan nan nan


12.000000 nan nan nan
12.000000 nan nan nan


