0.000000 0.000000 -0.232000 1.000000
0.000000 0.000000 0.232000 1.000000


0.050000 0.000000 -0.232000 1.071525
0.050000 0.000000 0.232000 1.071525


0.100000 0.000000 -0.232000 1.224976
0.100000 0.000000 0.232000 1.224976


0.150000 0.000000 -0.232000 1.396835
0.150000 0.000000 0.232000 1.396835


0.200000 0.000000 -0.232000 1.555013
0.200000 0.000000 0.232000 1.555013


0.250000 0.000000 -0.232000 1.686280
0.250000 0.000000 0.232000 1.686280


0.300000 0.000000 -0.232000 1.787941
0.300000 0.000000 0.232000 1.787941


0.350000 0.000000 -0.232000 1.862577
0.350000 0.000000 0.232000 1.862577


0.400000 0.000000 -0.232000 1.914901
0.400000 0.000000 0.232000 1.914901


0.450000 0.000000 -0.232000 1.950012
0.450000 0.000000 0.232000 1.950012


0.500000 0.000000 -0.232000 1.972526
0.500000 0.000000 0.232000 1.972526


0.550000 0.000000 -0.232000 1.986237
0.550000 0.000000 0.232000 1.986237


0.600000 0.000000 -0.232000 1.994061
0.600000 0.000000 0.232000 1.994061


0.650000 0.000000 -0.232000 1.998124
0.650000 0.000000 0.232000 1.998124


0.700000 0.000000 -0.232000 1.999909
0.700000 0.000000 0.232000 1.999909


0.750000 0.000000 -0.232000 2.000404
0.750000 0.000000 0.232000 2.000404


0.800000 0.000000 -0.232000 2.000239
0.800000 0.000000 0.232000 2.000239


0.850000 0.000000 -0.232000 1.999793
0.850000 0.000000 0.232000 1.999793


0.900000 0.000000 -0.232000 1.999280
0.900000 0.000000 0.232000 1.999280


0.950000 0.000000 -0.232000 1.998809
0.950000 0.000000 0.232000 1.998809


1.000000 0.000000 -0.232000 1.998424
1.000000 0.000000 0.232000 1.998424


1.050000 0.000000 -0.232000 1.998136
1.050000 0.000000 0.232000 1.998136


1.100000 0.000000 -0.232000 1.997936
1.100000 0.000000 0.232000 1.997936


1.150000 0.000000 -0.232000 1.997808
1.150000 0.000000 0.232000 1.997808


1.200000 0.000000 -0.232000 1.997737
1.200000 0.000000 0.232000 1.997737


1.250000 0.000000 -0.232000 1.997706
1.250000 0.000000 0.232000 1.997706


1.300000 0.000000 -0.232000 1.997703
1.300000 0.000000 0.232000 1.997703


1.350000 0.000000 -0.232000 1.997719
1.350000 0.000000 0.232000 1.997719


1.400000 0.000000 -0.232000 1.997746
1.400000 0.000000 0.232000 1.997746


1.450000 0.000000 -0.232000 1.997779
1.450000 0.000000 0.232000 1.997779


1.500000 0.000000 -0.232000 1.997815
1.500000 0.000000 0.232000 1.997815


1.550000 0.000000 -0.232000 1.997853
1.550000 0.000000 0.232000 1.997853


1.600000 0.000000 -0.232000 1.997890
1.600000 0.000000 0.232000 1.997890


1.650000 0.000000 -0.232000 1.997926
1.650000 0.000000 0.232000 1.997926


1.700000 0.000000 -0.232000 1.997961
1.700000 0.000000 0.232000 1.997961


1.750000 0.000000 -0.232000 1.997995
1.750000 0.000000 0.232000 1.997995


1.800000 0.000000 -0.232000 1.998028
1.800000 0.000000 0.232000 1.998028


1.850000 0.000000 -0.232000 1.998059
1.850000 0.000000 0.232000 1.998059


1.900000 0.000000 -0.232000 1.998089
1.900000 0.000000 0.232000 1.998089


1.950000 0.000000 -0.232000 1.998118
1.950000 0.000000 0.232000 1.998118


2.000000 0.000000 -0.232000 1.998145
2.000000 0.000000 0.232000 1.998145


2.050000 0.010202 -0.226533 2.027844
2.050000 0.010209 0.237467 1.968533


2.100000 0.022177 -0.214754 2.002490
2.100000 0.022245 0.249246 1.994062


2.150000 0.034199 -0.202251 2.000636
2.150000 0.034235 0.261749 1.996120


2.200000 0.046215 -0.189703 2.001195
2.200000 0.046231 0.274297 1.995732


2.250000 0.058226 -0.177191 2.001955
2.250000 0.058232 0.286809 1.995073


2.300000 0.070234 -0.164724 2.002640
2.300000 0.070236 0.299276 1.994409


2.350000 0.082241 -0.152297 2.003197
2.350000 0.082241 0.311703 1.993799


2.400000 0.094247 -0.139903 2.003610
2.400000 0.094247 0.324097 1.993273


2.450000 0.110474 -0.126702 2.102464
2.450000 0.109476 0.337296 1.894317


2.500000 0.134018 -0.104597 2.015711
2.500000 0.133956 0.359403 1.981338


2.550000 0.157984 -0.079943 2.007150
2.550000 0.158014 0.384057 1.990073


2.600000 0.182002 -0.055030 2.006751
2.600000 0.182020 0.408970 1.990432


2.650000 0.206019 -0.030100 2.007005
2.650000 0.206027 0.433900 1.989967


2.700000 0.230034 -0.005178 2.007154
2.700000 0.230036 0.458822 1.989508


2.750000 0.254047 0.019744 2.007135
2.750000 0.254047 0.483744 1.989192


2.800000 0.278060 0.044678 2.006965
2.800000 0.278058 0.508678 1.989074


2.850000 0.302072 0.069637 2.006664
2.850000 0.302070 0.533637 1.989186


2.900000 0.326084 0.094635 2.006245
2.900000 0.326082 0.558635 1.989553


2.950000 0.350096 0.119685 2.005714
2.950000 0.350094 0.583685 1.990188


3.000000 0.374108 0.144802 2.005069
3.000000 0.374106 0.608802 1.991090


3.050000 0.398120 0.169996 2.004305
3.050000 0.398118 0.633996 1.992243


3.100000 0.422132 0.195279 2.003416
3.100000 0.422130 0.659279 1.993616


3.150000 0.446144 0.220658 2.002402
3.150000 0.446142 0.684658 1.995157


3.200000 0.470156 0.246138 2.001272
3.200000 0.470154 0.710138 1.996803


3.250000 0.494168 0.271723 2.000041
3.250000 0.494166 0.735723 1.998478


3.300000 0.518180 0.297409 1.998737
3.300000 0.518178 0.761409 2.000102


3.350000 0.542192 0.323192 1.997390
3.350000 0.542190 0.787192 2.001602


3.400000 0.566203 0.349061 1.996037
3.400000 0.566203 0.813061 2.002914


3.450000 0.590215 0.375006 1.994714
3.450000 0.590215 0.839006 2.003994


3.500000 0.614227 0.401012 1.993455
3.500000 0.614227 0.865012 2.004820


3.550000 0.638239 0.427063 1.992292
3.550000 0.638239 0.891063 2.005392


3.600000 0.662251 0.453143 1.991254
3.600000 0.662251 0.917143 2.005725


3.650000 0.686263 0.479235 1.990367
3.650000 0.686263 0.943235 2.005851


3.700000 0.710275 0.505323 1.989657
3.700000 0.710275 0.969323 2.005809


3.750000 0.734287 0.531392 1.989148
3.750000 0.734287 0.995392 2.005636


3.800000 0.758299 0.557429 1.988864
3.800000 0.758299 1.021429 2.005368


3.850000 0.782311 0.583419 1.988828
3.850000 0.782311 1.047419 2.005030


3.900000 0.806323 0.609349 1.989057
3.900000 0.806324 1.073349 2.004637


3.950000 0.830335 0.635207 1.989564
3.950000 0.830336 1.099207 2.004194


4.000000 0.854346 0.660982 1.990353
4.000000 0.854348 1.124982 2.003696


4.050000 0.878358 0.686662 1.991413
4.050000 0.878360 1.150662 2.003133


4.100000 0.902370 0.712237 1.992723
4.100000 0.902372 1.176237 2.002492


4.150000 0.926382 0.737699 1.994243
4.150000 0.926384 1.201699 2.001763


4.200000 0.950394 0.763042 1.995919
4.200000 0.950396 1.227042 2.000941


4.250000 0.974407 0.788261 1.997684
4.250000 0.974408 1.252261 2.000031


4.300000 0.998419 0.813358 1.999466
4.300000 0.998419 1.277358 1.999047


4.350000 1.022431 0.838336 2.001188
4.350000 1.022431 1.302336 1.998009


4.400000 1.046444 0.863200 2.002784
4.400000 1.046443 1.327200 1.996947


4.450000 1.070456 0.887962 2.004198
4.450000 1.070454 1.351962 1.995890


4.500000 1.094468 0.912633 2.005391
4.500000 1.094466 1.376633 1.994873


4.550000 1.118480 0.937229 2.006342
4.550000 1.118478 1.401229 1.993927


4.600000 1.142493 0.961764 2.007049
4.600000 1.142490 1.425764 1.993081


4.650000 1.166505 0.986257 2.007523
4.650000 1.166502 1.450257 1.992364


4.700000 1.190517 1.010722 2.007783
4.700000 1.190513 1.474722 1.991802


4.750000 1.214529 1.035178 2.007854
4.750000 1.214525 1.499178 1.991420


4.800000 1.238541 1.059640 2.007758
4.800000 1.238537 1.523640 1.991239


4.850000 1.262553 1.084124 2.007516
4.850000 1.262549 1.548124 1.991277


4.900000 1.286565 1.108644 2.007139
4.900000 1.286561 1.572644 1.991548


4.950000 1.310577 1.133215 2.006635
4.950000 1.310573 1.597215 1.992054


5.000000 1.334589 1.157850 2.006005
5.000000 1.334585 1.621850 1.992791


5.050000 1.358601 1.182560 2.005248
5.050000 1.358597 1.646560 1.993739


5.100000 1.382613 1.207357 2.004364
5.100000 1.382609 1.671357 1.994865


5.150000 1.406625 1.232247 2.003357
5.150000 1.406621 1.696247 1.996122


5.200000 1.430637 1.257235 2.002237
5.200000 1.430633 1.721235 1.997450


5.250000 1.454649 1.282325 2.001020
5.250000 1.454646 1.746325 1.998781


5.300000 1.478660 1.307514 1.999730
5.300000 1.478658 1.771514 2.000049


5.350000 1.502672 1.332797 1.998396
5.350000 1.502671 1.796797 2.001190


5.400000 1.526683 1.358166 1.997051
5.400000 1.526683 1.822166 2.002153


5.450000 1.550695 1.383611 1.995726
5.450000 1.550696 1.847611 2.002904


5.500000 1.574706 1.409118 1.994453
5.500000 1.574708 1.873118 2.003430


5.550000 1.598718 1.434674 1.993261
5.550000 1.598720 1.898674 2.003735


5.600000 1.622730 1.460265 1.992178
5.600000 1.622732 1.924265 2.003843


5.650000 1.646742 1.485876 1.991231
5.650000 1.646744 1.949876 2.003786


5.700000 1.670754 1.511493 1.990446
5.700000 1.670756 1.975493 2.003607


5.750000 1.694766 1.537104 1.989847
5.750000 1.694768 2.001104 2.003345


5.800000 1.718778 1.562696 1.989460
5.800000 1.718780 2.026696 2.003037


5.850000 1.742790 1.588258 1.989307
5.850000 1.742792 2.052258 2.002712


5.900000 1.766802 1.613778 1.989408
5.900000 1.766804 2.077778 2.002386


5.950000 1.790814 1.639247 1.989777
5.950000 1.790816 2.103247 2.002067


6.000000 1.814826 1.664653 1.990421
6.000000 1.814829 2.128653 2.001749


6.050000 1.838838 1.689987 1.991336
6.050000 1.838841 2.153987 2.001421


6.100000 1.862850 1.715240 1.992506
6.100000 1.862853 2.179240 2.001067


6.150000 1.886862 1.740403 1.993901
6.150000 1.886865 2.204403 2.000669


6.200000 1.910874 1.765469 1.995476
6.200000 1.910877 2.229469 2.000213


6.250000 1.934886 1.790433 1.997174
6.250000 1.934889 2.254433 1.999692


6.300000 1.958898 1.815294 1.998930
6.300000 1.958900 2.279294 1.999105


6.350000 1.982911 1.840052 2.000675
6.350000 1.982912 2.304052 1.998460


6.400000 2.006924 1.864712 2.002341
6.400000 2.006923 2.328712 1.997774


6.450000 2.030936 1.889280 2.003869
6.450000 2.030934 2.353280 1.997068


6.500000 2.054949 1.913768 2.005212
6.500000 2.054946 2.377768 1.996366


6.550000 2.078961 1.938186 2.006339
6.550000 2.078957 2.402186 1.995697


6.600000 2.102974 1.962549 2.007234
6.600000 2.102969 2.426549 1.995087


6.650000 2.126986 1.986872 2.007895
6.650000 2.126981 2.450872 1.994563


6.700000 2.150998 2.011172 2.008328
6.700000 2.150992 2.475172 1.994150


6.750000 2.175010 2.035463 2.008549
6.750000 2.175004 2.499463 1.993872


6.800000 2.199022 2.059763 2.008574
6.800000 2.199016 2.523763 1.993748


6.850000 2.223035 2.084085 2.008420
6.850000 2.223028 2.548085 1.993794


6.900000 2.247047 2.108446 2.008099
6.900000 2.247040 2.572446 1.994019


6.950000 2.271059 2.132859 2.007623
6.950000 2.271052 2.596859 1.994424


7.000000 2.295071 2.157338 2.006996
7.000000 2.295064 2.621338 1.995000


7.050000 2.319082 2.181893 2.006227
7.050000 2.319076 2.645893 1.995726


7.100000 2.343094 2.206534 2.005320
7.100000 2.343088 2.670534 1.996568


7.150000 2.367106 2.231268 2.004284
7.150000 2.367101 2.695268 1.997483


7.200000 2.391117 2.256100 2.003133
7.200000 2.391113 2.720100 1.998418


7.250000 2.415129 2.281031 2.001886
7.250000 2.415126 2.745031 1.999316


7.300000 2.439140 2.306058 2.000564
7.300000 2.439139 2.770058 2.000121


7.350000 2.463151 2.331177 1.999194
7.350000 2.463151 2.795177 2.000786


7.400000 2.487163 2.356381 1.997804
7.400000 2.487164 2.820381 2.001275


7.450000 2.511174 2.381658 1.996425
7.450000 2.511176 2.845658 2.001568


7.500000 2.535186 2.406996 1.995086
7.500000 2.535189 2.870996 2.001665


7.550000 2.559198 2.432384 1.993816
7.550000 2.559201 2.896384 2.001582


7.600000 2.583210 2.457808 1.992644
7.600000 2.583213 2.921808 2.001350


7.650000 2.607222 2.483256 1.991597
7.650000 2.607225 2.947256 2.001010


7.700000 2.631234 2.508715 1.990703
7.700000 2.631237 2.972715 2.000607


7.750000 2.655246 2.534175 1.989990
7.750000 2.655249 2.998175 2.000186


7.800000 2.679258 2.559625 1.989484
7.800000 2.679261 3.023625 1.999788


7.850000 2.703270 2.585057 1.989210
7.850000 2.703273 3.049057 1.999442


7.900000 2.727282 2.610462 1.989189
7.900000 2.727285 3.074462 1.999171


7.950000 2.751294 2.635830 1.989438
7.950000 2.751297 3.099830 1.998980


8.000000 2.775306 2.661153 1.989966
8.000000 2.775309 3.125153 1.998868


8.050000 2.799318 2.686421 1.990773
8.050000 2.799321 3.150421 1.998820


8.100000 2.823330 2.711627 1.991849
8.100000 2.823333 3.175627 1.998815


8.150000 2.847342 2.736762 1.993169
8.150000 2.847345 3.200762 1.998830


8.200000 2.871354 2.761817 1.994695
8.200000 2.871357 3.225817 1.998839


8.250000 2.895366 2.786787 1.996378
8.250000 2.895369 3.250787 1.998821


8.300000 2.919378 2.811669 1.998159
8.300000 2.919381 3.275669 1.998762


8.350000 2.943391 2.836459 1.999972
8.350000 2.943392 3.300459 1.998652


8.400000 2.967403 2.861161 2.001751
8.400000 2.967404 3.325161 1.998491


8.450000 2.991416 2.885777 2.003433
8.450000 2.991415 3.349777 1.998286


8.500000 3.015429 2.910316 2.004964
8.500000 3.015426 3.374316 1.998050


8.550000 3.039442 2.934788 2.006303
8.550000 3.039437 3.398788 1.997800


8.600000 3.063454 2.959205 2.007421
8.600000 3.063449 3.423205 1.997555


8.650000 3.087467 2.983579 2.008302
8.650000 3.087460 3.447579 1.997338


8.700000 3.111479 3.007928 2.008942
8.700000 3.111472 3.471928 1.997171


8.750000 3.135491 3.032265 2.009345
8.750000 3.135483 3.496265 1.997073


8.800000 3.159504 3.056608 2.009520
8.800000 3.159495 3.520608 1.997062


8.850000 3.183516 3.080971 2.009479
8.850000 3.183507 3.544971 1.997150


8.900000 3.207528 3.105370 2.009235
8.900000 3.207519 3.569370 1.997344


8.950000 3.231540 3.129818 2.008800
8.950000 3.231531 3.593818 1.997641


9.000000 3.255552 3.154330 2.008184
9.000000 3.255543 3.618330 1.998031


9.050000 3.279563 3.178915 2.007399
9.050000 3.279556 3.642915 1.998492


9.100000 3.303575 3.203584 2.006454
9.100000 3.303568 3.667584 1.998993


9.150000 3.327586 3.228342 2.005364
9.150000 3.327581 3.692342 1.999495


9.200000 3.351597 3.253194 2.004143
9.200000 3.351594 3.717194 1.999955


9.250000 3.375609 3.278139 2.002812
9.250000 3.375606 3.742139 2.000327


9.300000 3.399620 3.303175 2.001393
9.300000 3.399619 3.767175 2.000572


9.350000 3.423631 3.328296 1.999911
9.350000 3.423632 3.792296 2.000658


9.400000 3.447643 3.353495 1.998395
9.400000 3.447644 3.817495 2.000566


9.450000 3.471654 3.378760 1.996874
9.450000 3.471657 3.842760 2.000294


9.500000 3.495666 3.404082 1.995381
9.500000 3.495669 3.868082 1.999856


9.550000 3.519678 3.429447 1.993946
9.550000 3.519681 3.893447 1.999282


9.600000 3.543690 3.454843 1.992603
9.600000 3.543693 3.918843 1.998613


9.650000 3.567702 3.480261 1.991384
9.650000 3.567705 3.944261 1.997897


9.700000 3.591714 3.505690 1.990322
9.700000 3.591717 3.969690 1.997189


9.750000 3.615727 3.531121 1.989449
9.750000 3.615728 3.995121 1.996538


9.800000 3.639739 3.556546 1.988795
9.800000 3.639740 4.020546 1.995988


9.850000 3.663751 3.581958 1.988387
9.850000 3.663752 4.045958 1.995577


9.900000 3.687763 3.607351 1.988251
9.900000 3.687764 4.071351 1.995325


9.950000 3.711775 3.632717 1.988403
9.950000 3.711776 4.096717 1.995244


10.000000 3.735787 3.658050 1.988857
10.000000 3.735788 4.122050 1.995330


10.050000 3.759798 3.683343 1.989614
10.050000 3.759801 4.147343 1.995569


10.100000 3.783810 3.708586 1.990666
10.100000 3.783813 4.172586 1.995937


10.150000 3.807822 3.733772 1.991992
10.150000 3.807825 4.197772 1.996402


10.200000 3.831834 3.758893 1.993557
10.200000 3.831837 4.222893 1.996930


10.250000 3.855846 3.783941 1.995317
10.250000 3.855849 4.247941 1.997487


10.300000 3.879858 3.808911 1.997213
10.300000 3.879861 4.272911 1.998041


10.350000 3.903871 3.833798 1.999182
10.350000 3.903872 4.297798 1.998567


10.400000 3.927883 3.858601 2.001155
10.400000 3.927884 4.322601 1.999044


10.450000 3.951896 3.883322 2.003067
10.450000 3.951895 4.347322 1.999461


10.500000 3.975909 3.907966 2.004855
10.500000 3.975906 4.371966 1.999814


10.550000 3.999922 3.932540 2.006468
10.550000 3.999917 4.396540 2.000106


10.600000 4.023935 3.957055 2.007865
10.600000 4.023929 4.421055 2.000345


10.650000 4.047947 3.981524 2.009020
10.650000 4.047940 4.445524 2.000542


10.700000 4.071960 4.005961 2.009914
10.700000 4.071952 4.469961 2.000712


10.750000 4.095972 4.030381 2.010542
10.750000 4.095963 4.494381 2.000869


10.800000 4.119984 4.054800 2.010906
10.800000 4.119975 4.518800 2.001026


10.850000 4.143996 4.079234 2.011011
10.850000 4.143987 4.543234 2.001192


10.900000 4.168008 4.103700 2.010868
10.900000 4.167999 4.567700 2.001371


10.950000 4.192020 4.128211 2.010488
10.950000 4.192011 4.592211 2.001561


11.000000 4.216032 4.152781 2.009883
11.000000 4.216023 4.616781 2.001750


11.050000 4.240043 4.177421 2.009067
11.050000 4.240036 4.641421 2.001918


11.100000 4.264055 4.202140 2.008053
11.100000 4.264049 4.666140 2.002039


11.150000 nan nan nan
11.150000 nan nan nan


11.200000 nan nan nan
11.200000 nan nan nan


11.250000 nan nan nan
11.250000 nan nan nan


11.300000 nan nan nan
11.300000 nan nan nan


11.350000 nan nan nan
11.350000 nan nan nan


11.400000 nan nan nan
11.400000 nan nan nan


11.450000 nan nan nan
11.450000 nan nan nan


11.500000 nan nan nan
11.500000 nan nan nan


11.550000 nan nan nan
11.550000 nan nan nan


11.600000 nan nan nan
11.600000 nan nan nan


11.650000 nan nan nan
11.650000 nan nan nan


11.700000 nan nan nan
11.700000 nan nan nan


11.750000 nan nan nan
11.750000 nan nan nan


11.800000 nan nan nan
11.800000 nan nan nan


11.850000 nan nan nan
11.850000 nan nan nan


11.900000 nan nan nan
11.900000 nan nan nan


11.950000 nan nan nan
11.950000 nan nan nan


12.000000 nan nan nan
12.000000 nan nan nan


